[{"alpha":0.001,"Q":[[0.656723832462504,0.7290000000000001,0.7290000000000001,0.656723832462504],[0.7290000000000001,0.81,-1.0,0.656723832462504],[0.81,0.81,0.9,0.7290000000000001],[0.656723832462504,-1.0,0.81,0.7290000000000001],[0.0,0.0,0.0,0.0],[0.81,0.9,1.0,-1.0],[0.7290000000000001,0.9,0.81,0.81],[-1.0,1.0,0.9,0.81],[0.0,0.0,0.0,0.0]],"V_soft":[0.72969314718056,0.81,0.9,0.81,0.0,1.0,0.9,1.0,0.0],"pi":[[2.040935452203059e-32,0.5,0.5,2.040935452203059e-32],[6.639677199581018e-36,1.0,0.0,2.710230517561845e-67],[8.194012623990748e-40,8.194012623990748e-40,1.0,5.440559879259117e-75],[2.710230517561845e-67,0.0,1.0,6.639677199581018e-36],[0.25,0.25,0.25,0.25],[3.04823495097203e-83,3.7200759760209417e-44,1.0,0.0],[5.440559879259117e-75,1.0,8.194012623990748e-40,8.194012623990748e-40],[0.0,1.0,3.7200759760209417e-44,3.04823495097203e-83],[0.25,0.25,0.25,0.25]],"V_pi":[0.7290000000000001,0.81,0.9,0.81,0.0,1.0,0.9,1.0,0.0],"meanEntropy":0.09902102579427789,"klToUniform":1.2872733353256127},{"alpha":0.001151,"Q":[[0.6568180311643421,0.7290000000000001,0.7290000000000001,0.6568180311643421],[0.7290000000000001,0.81,-1.0,0.6568180311643421],[0.81,0.81,0.9,0.7290000000000001],[0.6568180311643421,-1.0,0.81,0.7290000000000001],[0.0,0.0,0.0,0.0],[0.81,0.9,1.0,-1.0],[0.7290000000000001,0.9,0.81,0.81],[-1.0,1.0,0.9,0.81],[0.0,0.0,0.0,0.0]],"V_soft":[0.7297978124048246,0.81,0.9,0.81,0.0,1.0,0.9,1.0,0.0],"pi":[[2.9061771402226854e-28,0.5,0.5,2.9061771402226854e-28],[2.7361441879006425e-31,1.0,0.0,1.5903439382460135e-58],[1.0996779911041026e-34,1.0996779911041026e-34,1.0,3.008877543921745e-65],[1.5903439382460135e-58,0.0,1.0,2.7361441879006425e-31],[0.25,0.25,0.25,0.25],[2.0386297040704389e-72,1.8538424162000691e-38,1.0,0.0],[3.008877543921745e-65,1.0,1.0996779911041026e-34,1.0996779911041026e-34],[0.0,1.0,1.8538424162000691e-38,2.0386297040704389e-72],[0.25,0.25,0.25,0.25]],"V_pi":[0.7290000000000001,0.81,0.9,0.81,0.0,1.0,0.9,1.0,0.0],"meanEntropy":0.09902102579427789,"klToUniform":1.2872733353256127},{"alpha":0.001326,"Q":[[0.6569272018452803,0.7290000000000001,0.7290000000000001,0.6569272018452803],[0.7290000000000001,0.81,-1.0,0.6569272018452803],[0.81,0.81,0.9,0.7290000000000001],[0.6569272018452803,-1.0,0.81,0.7290000000000001],[0.0,0.0,0.0,0.0],[0.81,0.9,1.0,-1.0],[0.7290000000000001,0.9,0.81,0.81],[-1.0,1.0,0.9,0.81],[0.0,0.0,0.0,0.0]],"V_soft":[0.7299191131614226,0.81,0.9,0.81,0.0,1.0,0.9,1.0,0.0],"pi":[[1.2402983409151478e-24,0.5,0.5,1.2402983409151478e-24],[2.955963514537599e-27,1.0,0.0,7.332553285773334e-51],[3.3342561879743085e-30,3.3342561879743085e-30,1.0,9.855939639773344e-57],[7.332553285773334e-51,0.0,1.0,2.955963514537599e-27],[0.25,0.25,0.25,0.25],[5.89896194596228e-63,1.7691987698000286e-33,1.0,0.0],[9.855939639773344e-57,1.0,3.3342561879743085e-30,3.3342561879743085e-30],[0.0,1.0,1.7691987698000286e-33,5.89896194596228e-63],[0.25,0.25,0.25,0.25]],"V_pi":[0.7290000000000001,0.81,0.9,0.81,0.0,1.0,0.9,1.0,0.0],"meanEntropy":0.09902102579427789,"klToUniform":1.2872733353256127},{"alpha":0.001526,"Q":[[0.6570519683377811,0.7290000000000001,0.7290000000000001,0.6570519683377811],[0.7290000000000001,0.81,-1.0,0.6570519683377811],[0.81,0.81,0.9,0.7290000000000001],[0.6570519683377811,-1.0,0.81,0.7290000000000001],[0.0,0.0,0.0,0.0],[0.81,0.9,1.0,-1.0],[0.7290000000000001,0.9,0.81,0.81],[-1.0,1.0,0.9,0.81],[0.0,0.0,0.0,0.0]],"V_soft":[0.7300577425975345,0.81,0.9,0.81,0.0,1.0,0.9,1.0,0.0],"pi":[[1.6703270022560333e-21,0.5,0.5,1.6703270022560333e-21],[8.864855652118983e-24,1.0,0.0,2.9614415533672497e-44],[2.4338950849385662e-26,2.4338950849385662e-26,1.0,2.157612860038211e-49],[2.9614415533672497e-44,0.0,1.0,8.864855652118983e-24],[0.25,0.25,0.25,0.25],[8.445731034900447e-55,3.47004728641115e-29,1.0,0.0],[2.157612860038211e-49,1.0,2.4338950849385662e-26,2.4338950849385662e-26],[0.0,1.0,3.47004728641115e-29,8.445731034900447e-55],[0.25,0.25,0.25,0.25]],"V_pi":[0.7290000000000001,0.81,0.9,0.81,0.0,1.0,0.9,1.0,0.0],"meanEntropy":0.09902102579427789,"klToUniform":1.2872733353256127},{"alpha":0.001758,"Q":[[0.657196697469082,0.7290000000000001,0.7290000000000001,0.657196697469082],[0.7290000000000001,0.81,-1.0,0.657196697469082],[0.81,0.81,0.9,0.7290000000000001],[0.657196697469082,-1.0,0.81,0.7290000000000001],[0.0,0.0,0.0,0.0],[0.81,0.9,1.0,-1.0],[0.7290000000000001,0.9,0.81,0.81],[-1.0,1.0,0.9,0.81],[0.0,0.0,0.0,0.0]],"V_soft":[0.7302185527434245,0.81,0.9,0.81,0.0,1.0,0.9,1.0,0.0],"pi":[[9.13602379116486e-19,0.5,0.5,9.13602379116486e-19],[9.768878102905945e-21,1.0,0.0,1.784974055222763e-38],[5.841092724614152e-23,5.841092724614152e-23,1.0,5.706092281452682e-43],[1.784974055222763e-38,0.0,1.0,9.768878102905945e-21],[0.25,0.25,0.25,0.25],[1.1550443409070535e-47,1.9774456516324938e-25,1.0,0.0],[5.706092281452682e-43,1.0,5.841092724614152e-23,5.841092724614152e-23],[0.0,1.0,1.9774456516324938e-25,1.1550443409070535e-47],[0.25,0.25,0.25,0.25]],"V_pi":[0.7290000000000001,0.81,0.9,0.81,0.0,1.0,0.9,1.0,0.0],"meanEntropy":0.09902102579427792,"klToUniform":1.2872733353256127},{"alpha":0.002024,"Q":[[0.6573626369041081,0.7290000000000001,0.7290000000000001,0.6573626369041081],[0.7290000000000001,0.81,-1.0,0.6573626369041081],[0.81,0.81,0.9,0.7290000000000001],[0.6573626369041081,-1.0,0.81,0.7290000000000001],[0.0,0.0,0.0,0.0],[0.81,0.9,1.0,-1.0],[0.7290000000000001,0.9,0.81,0.81],[-1.0,1.0,0.9,0.81],[0.0,0.0,0.0,0.0]],"V_soft":[0.7304029298934535,0.81,0.9,0.81,0.0,1.0,0.9,1.0,0.0],"pi":[[2.1260381166817322e-16,0.4999999999999998,0.4999999999999998,2.1260381166817322e-16],[4.165218886598421e-18,1.0,0.0,1.7710828234461783e-33],[4.880749029925773e-20,4.880749029925773e-20,1.0,2.032938804019361e-37],[1.7710828234461783e-33,0.0,1.0,4.165218886598421e-18],[0.25,0.25,0.25,0.25],[1.7031356059462175e-41,3.4894963775101272e-22,1.0,0.0],[2.032938804019361e-37,1.0,4.880749029925773e-20,4.880749029925773e-20],[0.0,1.0,3.4894963775101272e-22,1.7031356059462175e-41],[0.25,0.25,0.25,0.25]],"V_pi":[0.7290000000000001,0.81,0.9,0.81,0.0,1.0,0.9,1.0,0.0],"meanEntropy":0.09902102579428017,"klToUniform":1.2872733353256105},{"alpha":0.00233,"Q":[[0.6575535296376344,0.7290000000000001,0.7290000000000001,0.6575535296376344],[0.7290000000000001,0.81,-1.0,0.6575535296376344],[0.81,0.81,0.9,0.7290000000000001],[0.6575535296376344,-1.0,0.81,0.7290000000000001],[0.0,0.0,0.0,0.0],[0.81,0.9,1.0,-1.0],[0.7290000000000001,0.9,0.81,0.81],[-1.0,1.0,0.9,0.81],[0.0,0.0,0.0,0.0]],"V_soft":[0.7306150329307048,0.81,0.9,0.81,0.0,1.0,0.9,1.0,0.0],"pi":[[2.4092679249895397e-14,0.4999999999999759,0.4999999999999759,2.4092679249895397e-14],[7.983788035929123e-16,0.9999999999999991,0.0,3.847016886976026e-29],[1.6775546017941816e-17,1.6775546017941816e-17,1.0,1.3393240359422244e-32],[3.847016886976026e-29,0.0,0.9999999999999991,7.983788035929123e-16],[0.25,0.25,0.25,0.25],[3.8497144245356205e-36,2.2948370326773664e-19,1.0,0.0],[1.3393240359422244e-32,1.0,1.6775546017941816e-17,1.6775546017941816e-17],[0.0,1.0,2.2948370326773664e-19,3.8497144245356205e-36],[0.25,0.25,0.25,0.25]],"V_pi":[0.7289999999999965,0.8099999999999999,0.9,0.8099999999999999,0.0,1.0,0.9,1.0,0.0],"meanEntropy":0.09902102579450442,"klToUniform":1.2872733353253862},{"alpha":0.002683,"Q":[[0.6577737424969056,0.7290000000000003,0.7290000000000003,0.6577737424969056],[0.7290000000000003,0.81,-1.0,0.6577737424969056],[0.81,0.81,0.9,0.7290000000000003],[0.6577737424969056,-1.0,0.81,0.7290000000000003],[0.0,0.0,0.0,0.0],[0.81,0.9,1.0,-1.0],[0.7290000000000003,0.9,0.81,0.81],[-1.0,1.0,0.9,0.81],[0.0,0.0,0.0,0.0]],"V_soft":[0.7308597138854506,0.8100000000000003,0.9,0.8100000000000003,0.0,1.0,0.9,1.0,0.0],"pi":[[1.4779104697652957e-12,0.49999999999852207,0.49999999999852207,1.4779104697652957e-12],[7.737708443097053e-14,0.9999999999999227,1.040256463907302e-293,2.2871280640156523e-25],[2.702660614367853e-15,2.702660614367853e-15,0.9999999999999947,2.091239985462162e-28],[2.2871280640156523e-25,1.040256463907302e-293,0.9999999999999227,7.737708443097053e-14],[0.25,0.25,0.25,0.25],[1.757491339441615e-31,6.502819222282065e-17,1.0,0.0],[2.091239985462162e-28,0.9999999999999947,2.702660614367853e-15,2.702660614367853e-15],[0.0,1.0,6.502819222282065e-17,1.757491339441615e-31],[0.25,0.25,0.25,0.25]],"V_pi":[0.728999999999779,0.809999999999994,0.8999999999999999,0.809999999999994,0.0,1.0000000000000002,0.8999999999999999,1.0000000000000002,0.0],"meanEntropy":0.09902102580665353,"klToUniform":1.287273335313237},{"alpha":0.003089,"Q":[[0.6580270184769782,0.7290000000000125,0.7290000000000125,0.6580270184769782],[0.7290000000000125,0.8100000000000013,-1.0,0.6580270184769782],[0.8100000000000013,0.8100000000000013,0.9,0.7290000000000125],[0.6580270184769782,-1.0,0.8100000000000013,0.7290000000000125],[0.0,0.0,0.0,0.0],[0.8100000000000013,0.9,1.0,-1.0],[0.7290000000000125,0.9,0.8100000000000013,0.8100000000000013],[-1.0,1.0,0.9,0.8100000000000013],[0.0,0.0,0.0,0.0]],"V_soft":[0.7311411316410868,0.8100000000000139,0.9000000000000014,0.8100000000000139,0.0,1.0,0.9000000000000014,1.0,0.0],"pi":[[5.255372026618377e-11,0.49999999994744626,0.49999999994744626,5.255372026618377e-11],[4.091627339433096e-12,0.9999999999959084,3.350310523971975e-255,4.3006047730527595e-22],[2.2210134620241745e-13,2.2210134620241745e-13,0.9999999999995557,9.087559402504245e-25],[4.3006047730527595e-22,3.350310523971975e-255,0.9999999999959084,4.091627339433096e-12],[0.25,0.25,0.25,0.25],[1.9371516697739574e-27,8.72192673702947e-15,0.9999999999999913,6.490059625800082e-282],[9.087559402504247e-25,0.9999999999995559,2.221013462024175e-13,2.221013462024175e-13],[6.490059625800082e-282,0.9999999999999913,8.72192673702947e-15,1.9371516697739574e-27],[0.25,0.25,0.25,0.25]],"V_pi":[0.7289999999920068,0.8099999999996322,0.8999999999999595,0.8099999999996325,0.0,0.9999999999999993,0.8999999999999597,0.9999999999999993,0.0],"meanEntropy":0.09902102619001786,"klToUniform":1.2872733349298726},{"alpha":0.003556,"Q":[[0.6583183482445493,0.7290000000004703,0.7290000000004703,0.6583183482445493],[0.7290000000004703,0.8100000000000671,-1.0,0.6583183482445493],[0.8100000000000671,0.8100000000000671,0.900000000000002,0.7290000000004703],[0.6583183482445493,-1.0,0.8100000000000671,0.7290000000004703],[0.0,0.0,0.0,0.0],[0.8100000000000671,0.900000000000002,1.0,-1.0],[0.7290000000004703,0.900000000000002,0.8100000000000671,0.8100000000000671],[-1.0,1.0,0.900000000000002,0.8100000000000671],[0.0,0.0,0.0,0.0]],"V_soft":[0.7314648313828325,0.8100000000005225,0.9000000000000745,0.8100000000005225,0.0,1.0000000000000022,0.9000000000000745,1.0000000000000022,0.0],"pi":[[1.1657780159221406e-09,0.49999999883422197,0.49999999883422197,1.1657780159221406e-09],[1.2807530564188002e-10,0.9999999998719247,8.802321591652656e-222,2.9861475209586227e-19],[1.019283255874032e-11,1.019283255874032e-11,0.9999999999796143,1.3054501454843683e-21],[2.9861475209586227e-19,8.802321591652656e-222,0.9999999998719247,1.2807530564188002e-10],[0.25,0.25,0.25,0.25],[6.241503410417777e-24,6.123423861150793e-13,0.9999999999993876,5.493972024092934e-245],[1.3054501454843685e-21,0.9999999999796145,1.0192832558740323e-11,1.0192832558740323e-11],[5.493972024092934e-245,0.9999999999993876,6.123423861150793e-13,6.241503410417777e-24],[0.25,0.25,0.25,0.25]],"V_pi":[0.7289999998191622,0.8099999999879249,0.8999999999981101,0.8099999999879252,0.0,0.9999999999999387,0.8999999999981103,0.9999999999999387,0.0],"meanEntropy":0.09902103377634211,"klToUniform":1.2872733273435484},{"alpha":0.004095,"Q":[[0.658654594071892,0.7290000000114293,0.7290000000114293,0.658654594071892],[0.7290000000114293,0.8100000000021841,-1.0,0.658654594071892],[0.8100000000021841,0.8100000000021841,0.9000000000000914,0.7290000000114293],[0.658654594071892,-1.0,0.8100000000021841,0.7290000000114293],[0.0,0.0,0.0,0.0],[0.8100000000021841,0.9000000000000914,1.0,-1.0],[0.7290000000114293,0.9000000000000914,0.8100000000021841,0.8100000000021841],[-1.0,1.0,0.9000000000000914,0.8100000000021841],[0.0,0.0,0.0,0.0]],"V_soft":[0.7318384378576577,0.8100000000126992,0.9000000000024267,0.8100000000126992,0.0,1.0000000000001015,0.9000000000024267,1.0000000000001015,0.0],"pi":[[1.7318119320120037e-08,0.4999999826818808,0.4999999826818808,1.7318119320120037e-08],[2.567791154564799e-09,0.9999999974322089,1.0984453361236119e-192,8.893863028830324e-17],[2.8514537497430313e-10,2.8514537497430313e-10,0.9999999994297093,7.321937735042016e-19],[8.893863028830324e-17,1.0984453361236119e-192,0.9999999974322089,2.567791154564799e-09],[0.25,0.25,0.25,0.25],[7.072687644001748e-21,2.4803795750170037e-11,0.9999999999751963,7.768960776361941e-213],[7.321937735042014e-19,0.9999999994297091,2.851453749743031e-10,2.851453749743031e-10],[7.768960776361941e-213,0.9999999999751963,2.4803795750170037e-11,7.072687644001748e-21],[0.25,0.25,0.25,0.25]],"V_pi":[0.7289999972444441,0.8099999997438065,0.8999999999464416,0.8099999997438063,0.0,0.9999999999975198,0.8999999999464414,0.9999999999975198,0.0],"meanEntropy":0.09902113491114474,"klToUniform":1.287273226208746},{"alpha":0.004715,"Q":[[0.6590413717572523,0.7290000001881592,0.7290000001881592,0.6590413717572523],[0.7290000001881592,0.8100000000458947,-1.0,0.6590413717572523],[0.8100000000458947,0.8100000000458947,0.9000000000026112,0.7290000001881592],[0.6590413717572523,-1.0,0.8100000000458947,0.7290000001881592],[0.0,0.0,0.0,0.0],[0.8100000000458947,0.9000000000026112,1.0,-1.0],[0.7290000001881592,0.9000000000026112,0.8100000000458947,0.8100000000458947],[-1.0,1.0,0.9000000000026112,0.8100000000458947],[0.0,0.0,0.0,0.0]],"V_soft":[0.7322681908413914,0.8100000002090658,0.900000000050994,0.8100000002090658,0.0,1.0000000000029012,0.900000000050994,1.0000000000029012,0.0],"pi":[[1.7994609530970663e-07,0.4999998200539047,0.4999998200539047,1.7994609530970663e-07],[3.460681271983644e-08,0.9999999653931749,1.9164612165222143e-167,1.24547261224564e-14],[5.1307347176304676e-09,5.1307347176304676e-09,0.9999999897385304,1.7755838163293297e-16],[1.24547261224564e-14,1.9164612165222143e-167,0.9999999653931749,3.460681271983644e-08],[0.25,0.25,0.25,0.25],[3.156951903654169e-18,6.15302104864463e-10,0.999999999384698,6.050176095156662e-185],[1.7755838163293297e-16,0.9999999897385304,5.1307347176304676e-09,5.1307347176304676e-09],[6.050176095156662e-185,0.999999999384698,6.15302104864463e-10,3.156951903654169e-18],[0.25,0.25,0.25,0.25]],"V_pi":[0.7289999704480958,0.8099999963158278,0.8999999990210906,0.8099999963158278,0.0,0.9999999999384699,0.8999999990210906,0.9999999999384699,0.0],"meanEntropy":0.09902208259775427,"klToUniform":1.2872722785221364},{"alpha":0.005,"Q":[[0.6592191667130032,0.7290000005454882,0.7290000005454882,0.6592191667130032],[0.7290000005454882,0.8100000001454175,-1.0,0.6592191667130032],[0.8100000001454175,0.8100000001454175,0.9000000000092752,0.7290000005454882],[0.6592191667130032,-1.0,0.8100000001454175,0.7290000005454882],[0.0,0.0,0.0,0.0],[0.8100000001454175,0.9000000000092752,1.0,-1.0],[0.7290000005454882,0.9000000000092752,0.8100000001454175,0.8100000001454175],[-1.0,1.0,0.9000000000092752,0.8100000001454175],[0.0,0.0,0.0,0.0]],"V_soft":[0.7324657407922257,0.810000000606098,0.900000000161575,0.810000000606098,0.0,1.0000000000103058,0.900000000161575,1.0000000000103058,0.0],"pi":[[4.3439359372549444e-07,0.4999995656064064,0.4999995656064064,4.3439359372549444e-07],[9.213600722879276e-08,0.9999999078639128,6.1009504580673966e-158,8.004665212677258e-14],[1.5229979695497087e-08,1.5229979695497087e-08,0.9999999695400392,1.4032296486067803e-15],[8.004665212677258e-14,6.1009504580673966e-158,0.9999999078639128,9.213600722879276e-08],[0.25,0.25,0.25,0.25],[3.1391328768747697e-17,2.0611536220137084e-09,0.9999999979388463,1.9151695927665469e-174],[1.4032296486067803e-15,0.9999999695400392,1.5229979695497087e-08,1.5229979695497087e-08],[1.9151695927665469e-174,0.9999999979388463,2.0611536220137084e-09,3.1391328768747697e-17],[0.25,0.25,0.25,0.25]],"V_pi":[0.7289999275778497,0.8099999899027602,0.8999999970730995,0.8099999899027602,0.0,0.9999999997938847,0.8999999970730995,0.9999999997938847,0.0],"meanEntropy":0.09902351254528889,"klToUniform":1.2872708485746016},{"alpha":0.005429,"Q":[[0.6594868018667781,0.7290000022144503,0.7290000022144504,0.6594868018667781],[0.7290000022144503,0.8100000006612076,-1.0,0.6594868018667781],[0.8100000006612076,0.8100000006612076,0.9000000000489139,0.7290000022144503],[0.6594868018667781,-1.0,0.8100000006612077,0.7290000022144504],[0.0,0.0,0.0,0.0],[0.8100000006612076,0.9000000000489139,1.0,-1.0],[0.7290000022144504,0.9000000000489139,0.8100000006612077,0.8100000006612077],[-1.0,1.0,0.9000000000489139,0.8100000006612077],[0.0,0.0,0.0,0.0]],"V_soft":[0.732763113185309,0.8100000024605003,0.9000000007346751,0.8100000024605004,0.0,1.0000000000543487,0.9000000007346752,1.0000000000543487,0.0],"pi":[[1.3747999809007447e-06,0.499998625200014,0.4999986252000242,1.3747999809007447e-06],[3.3142152178232783e-07,0.9999996685775668,1.6162457734728086e-145,9.112791092858942e-13],[6.315722269784702e-08,6.315722269784702e-08,0.9999998736855338,2.0931669795290805e-14],[9.112791092858748e-13,1.6162457734728086e-145,0.9999996685775668,3.3142152178232783e-07],[0.25,0.25,0.25,0.25],[6.322562213020826e-16,1.0010828760849334e-08,0.9999999899891706,1.0218817841059052e-160],[2.0931669795291243e-14,0.9999998736855336,6.315722269784834e-08,6.315722269784834e-08],[1.0218817841059052e-160,0.9999999899891706,1.0010828760849334e-08,6.322562213020917e-16],[0.25,0.25,0.25,0.25]],"V_pi":[0.7289997654547976,0.8099999621123573,0.8999999877307205,0.8099999621123571,0.0,0.999999998998917,0.8999999877307203,0.999999998998917,0.0],"meanEntropy":0.0990286454356284,"klToUniform":1.2872657156842622},{"alpha":0.006251,"Q":[[0.6599996846461356,0.7290000194346885,0.7290000194346885,0.6599996846461356],[0.7290000194346885,0.8100000068573806,-1.0,0.6599996846461356],[0.8100000068573806,0.8100000068573806,0.9000000006347347,0.7290000194346885],[0.6599996846461356,-1.0,0.8100000068573806,0.7290000194346885],[0.0,0.0,0.0,0.0],[0.8100000068573806,0.9000000006347347,1.0,-1.0],[0.7290000194346885,0.9000000006347347,0.8100000068573806,0.8100000068573806],[-1.0,1.0,0.9000000006347347,0.8100000068573806],[0.0,0.0,0.0,0.0]],"V_soft":[0.7333329829401506,0.8100000215940983,0.9000000076193118,0.8100000215940983,0.0,1.0000000007052607,0.9000000076193118,1.0000000007052607,0.0],"pi":[[8.037032017884298e-06,0.49999196296798215,0.49999196296798215,8.037032017884298e-06],[2.357456964856384e-06,0.9999976425051407,1.771890135843962e-126,3.7894523333664934e-11],[5.586758032330176e-07,5.586758032330176e-07,0.9999988826470764,1.3170572683841496e-12],[3.7894523333664934e-11,1.771890135843962e-126,0.9999976425051407,2.357456964856384e-06],[0.25,0.25,0.25,0.25],[6.303187816137435e-14,1.1282358635860074e-07,0.9999998871763506,1.116858264566154e-139],[1.3170572683841492e-12,0.9999988826470761,5.586758032330175e-07,5.586758032330175e-07],[1.116858264566154e-139,0.9999998871763506,1.1282358635860074e-07,6.303187816137435e-14],[0.25,0.25,0.25,0.25]],"V_pi":[0.7289985666399502,0.8099997093952783,0.8999998892838955,0.8099997093952781,0.0,0.9999999887176283,0.8999998892838953,0.9999999887176283,0.0],"meanEntropy":0.09906353456994269,"klToUniform":1.2872308265499477},{"alpha":0.007197,"Q":[[0.6605903232210316,0.7290001319360694,0.7290001319360694,0.6605903232210316],[0.7290001319360694,0.8100000534127293,-1.0,0.6605903232210316],[0.8100000534127293,0.8100000534127293,0.9000000059843041,0.7290001319360694],[0.6605903232210316,-1.0,0.8100000534127293,0.7290001319360694],[0.0,0.0,0.0,0.0],[0.8100000534127293,0.9000000059843041,1.0,-1.0],[0.7290001319360694,0.9000000059843041,0.8100000534127293,0.8100000534127293],[-1.0,1.0,0.9000000059843041,0.8100000534127293],[0.0,0.0,0.0,0.0]],"V_soft":[0.7339892480233684,0.8100001465956327,0.900000059347477,0.8100001465956327,0.0,1.0000000066492267,0.900000059347477,1.0000000066492267,0.0],"pi":[[3.7224459288996614e-05,0.49996277554071095,0.49996277554071095,3.7224459288996614e-05],[1.2946416958570712e-05,0.999987052619123,5.993418431011454e-110,9.63918504715655e-10],[3.7072828727033467e-06,3.7072828727033467e-06,0.9999925853862581,4.7996651284310256e-11],[9.63918504715655e-10,5.993418431011454e-110,0.999987052619123,1.2946416958570712e-05],[0.25,0.25,0.25,0.25],[3.4251277524142093e-12,9.238848164605598e-07,0.9999990761117583,2.0528489590061853e-121],[4.7996651284310256e-11,0.9999925853862581,3.7072828727033467e-06,3.7072828727033467e-06],[2.0528489590061857e-121,0.9999990761117585,9.2388481646056e-07,3.42512775241421e-12],[0.25,0.25,0.25,0.25]],"V_pi":[0.7289930205004063,0.8099982757541042,0.8999992495261959,0.8099982757541044,0.0,0.9999999076107907,0.8999992495261961,0.9999999076107909,0.0],"meanEntropy":0.09921063410427843,"klToUniform":1.2870837270156124},{"alpha":0.008286,"Q":[[0.6612718222718676,0.7290007160110584,0.7290007160110584,0.6612718222718676],[0.7290007160110584,0.8100003245699511,-1.0,0.6612718222718676],[0.8100003245699511,0.8100003245699511,0.9000000427850825,0.7290007160110584],[0.6612718222718676,-1.0,0.8100003245699511,0.7290007160110584],[0.0,0.0,0.0,0.0],[0.8100003245699511,0.9000000427850825,1.0,-1.0],[0.7290007160110584,0.9000000427850825,0.8100003245699511,0.8100003245699511],[-1.0,1.0,0.9000000427850825,0.8100003245699511],[0.0,0.0,0.0,0.0]],"V_soft":[0.734746469190964,0.8100007955678427,0.9000003606332789,0.8100007955678427,0.0,1.0000000475389805,0.9000003606332789,1.0000000475389805,0.0],"pi":[[0.00014091917896087244,0.49985908082103914,0.49985908082103914,0.00014091917896087244],[5.6824977552919705e-05,0.9999431590024738,1.3562782916556084e-95,1.601997340545344e-08],[1.9178920423825507e-05,1.9178920423825507e-05,0.9999616410692487,1.0899036737851429e-09],[1.601997340545344e-08,1.3562782916556084e-95,0.9999431590024738,5.6824977552919705e-05],[0.25,0.25,0.25,0.25],[1.1003634990108925e-10,5.7371388270464394e-06,0.9999942627511366,1.4924839609157742e-105],[1.089903673785143e-09,0.9999616410692489,1.917892042382551e-05,1.917892042382551e-05],[1.4924839609157742e-105,0.9999942627511366,5.7371388270464394e-06,1.1003634990108925e-10],[0.25,0.25,0.25,0.25]],"V_pi":[0.7289720892371323,0.8099918225098429,0.8999960311267586,0.8099918225098429,0.0,0.9999994262622477,0.8999960311267587,0.9999994262622477,0.0],"meanEntropy":0.09971685715900457,"klToUniform":1.286577503960886},{"alpha":0.009541,"Q":[[0.6620625668230076,0.7290031995440461,0.7290031995440461,0.6620625668230076],[0.7290031995440461,0.8100015917229157,-1.0,0.6620625668230076],[0.8100015917229157,0.8100015917229157,0.9000002409906103,0.7290031995440461],[0.6620625668230076,-1.0,0.8100015917229157,0.7290031995440461],[0.0,0.0,0.0,0.0],[0.8100015917229157,0.9000002409906103,1.0,-1.0],[0.7290031995440461,0.9000002409906103,0.8100015917229157,0.8100015917229157],[-1.0,1.0,0.9000002409906103,0.8100015917229157],[0.0,0.0,0.0,0.0]],"V_soft":[0.7356250742477861,0.8100035550489402,0.9000017685810174,0.8100035550489402,0.0,1.0000002677673447,0.9000017685810174,1.0000002677673447,0.0],"pi":[[0.0004482558184329395,0.49955174418156706,0.49955174418156706,0.0004482558184329395],[0.0002055721696160171,0.9997942433671683,4.0821029677274265e-83,1.8446321569597078e-07],[8.003936198315414e-05,8.003936198315414e-05,0.9998399048187824,1.645725148621022e-08],[1.8446321569597078e-07,4.0821029677274265e-83,0.9997942433671683,0.0002055721696160171],[0.25,0.25,0.25,0.25],[2.2464461336043164e-09,2.8062273770700405e-05,0.9999719354797832,9.172111651635511e-92],[1.6457251486210213e-08,0.9998399048187822,8.003936198315413e-05,8.003936198315413e-05],[9.172111651635511e-92,0.9999719354797832,2.8062273770700405e-05,2.2464461336043164e-09],[0.25,0.25,0.25,0.25]],"V_pi":[0.72890586006524,0.8099680732899552,0.8999830620117082,0.809968073289955,0.0,0.9999971932748772,0.8999830620117081,0.9999971932748772,0.0],"meanEntropy":0.10117529455712239,"klToUniform":1.285119066562768},{"alpha":0.01,"Q":[[0.6623543490125444,0.7290050663401418,0.7290050663401418,0.6623543490125444],[0.7290050663401418,0.8100025897155223,-1.0,0.6623543490125444],[0.8100025897155223,0.8100025897155223,0.9000004086572263,0.7290050663401418],[0.6623543490125444,-1.0,0.8100025897155223,0.7290050663401418],[0.0,0.0,0.0,0.0],[0.8100025897155223,0.9000004086572263,1.0,-1.0],[0.7290050663401418,0.9000004086572263,0.8100025897155223,0.8100025897155223],[-1.0,1.0,0.9000004086572263,0.8100025897155223],[0.0,0.0,0.0,0.0]],"V_soft":[0.735949276680605,0.8100056292668243,0.9000028774616914,0.8100056292668243,0.0,1.0000004540635847,0.9000028774616914,1.0000004540635847,0.0],"pi":[[0.0006365212423678951,0.49936347875763215,0.49936347875763215,0.0006365212423678951],[0.00030352205153179367,0.9996960910594753,2.4686203204126342e-79,3.868889927788232e-07],[0.00012340625306793366,0.00012340625306793366,0.9997531500259583,3.74679059346272e-08],[3.868889927788232e-07,2.4686203204126342e-79,0.9996960910594753,0.00030352205153179367],[0.25,0.25,0.25,0.25],[5.6039931276252115e-09,4.5399723618404885e-05,0.9999545946723883,1.3838336904615604e-87],[3.746790593462719e-08,0.9997531500259581,0.00012340625306793364,0.00012340625306793364],[1.3838336904615609e-87,0.9999545946723886,4.53997236184049e-05,5.603993127625213e-09],[0.25,0.25,0.25,0.25]],"V_pi":[0.7288635962100287,0.8099516687947709,0.8999736885295808,0.8099516687947708,0.0,0.9999954587771933,0.8999736885295808,0.9999954587771935,0.0],"meanEntropy":0.10205411021660997,"klToUniform":1.2842402509032806},{"alpha":0.010985,"Q":[[0.662987855829762,0.7290120368324573,0.7290120368324573,0.662987855829762],[0.7290120368324573,0.8100064624068221,-1.0,0.662987855829762],[0.8100064624068221,0.8100064624068221,0.9000011006753771,0.7290120368324573],[0.662987855829762,-1.0,0.8100064624068221,0.7290120368324573],[0.0,0.0,0.0,0.0],[0.8100064624068221,0.9000011006753771,1.0,-1.0],[0.7290120368324573,0.9000011006753771,0.8100064624068221,0.8100064624068221],[-1.0,1.0,0.9000011006753771,0.8100064624068221],[0.0,0.0,0.0,0.0]],"V_soft":[0.73665317314418,0.8100133742582859,0.9000071804520244,0.8100133742582859,0.0,1.0000012229726412,0.9000071804520244,1.0000012229726412,0.0],"pi":[[0.0012235588671197755,0.49877644113288033,0.49877644113288033,0.0012235588671197755],[0.0006274709721506233,0.9993709897657501,2.7587235536132786e-72,1.5392620992510416e-06],[0.0002765674547386986,0.0002765674547386986,0.9994466914432472,1.7364727560361872e-07],[1.5392620992510416e-06,2.7587235536132786e-72,0.9993709897657501,0.0006274709721506233],[0.25,0.25,0.25,0.25],[3.07973807336138e-08,0.00011129415175914206,0.9998886750508601,8.501493488352232e-80],[1.7364727560361867e-07,0.9994466914432469,0.00027656745473869854,0.00027656745473869854],[8.501493488352232e-80,0.9998886750508601,0.00011129415175914206,3.07973807336138e-08],[0.25,0.25,0.25,0.25]],"V_pi":[0.7287267698243431,0.8098950392274507,0.8999401411492832,0.8098950392274505,0.0,0.9999888636161897,0.899940141149283,0.9999888636161897,0.0],"meanEntropy":0.10475477447703438,"klToUniform":1.281539586642856},{"alpha":0.012649,"Q":[[0.6640928538636621,0.7290390454673218,0.7290390454673218,0.6640928538636621],[0.7290390454673218,0.8100223101097315,-1.0,0.6640928538636621],[0.8100223101097315,0.8100223101097315,0.9000042003619745,0.7290390454673218],[0.6640928538636621,-1.0,0.8100223101097315,0.7290390454673218],[0.0,0.0,0.0,0.0],[0.8100223101097315,0.9000042003619745,1.0,-1.0],[0.7290390454673218,0.9000042003619745,0.8100223101097315,0.8100223101097315],[-1.0,1.0,0.9000042003619745,0.8100223101097315],[0.0,0.0,0.0,0.0]],"V_soft":[0.7378809487374024,0.8100433838525798,0.9000247890108127,0.8100433838525798,0.0,1.0000046670688605,0.9000247890108127,1.0000046670688605,0.0],"pi":[[0.002927776184908016,0.4970722238150919,0.4970722238150919,0.002927776184908016],[0.0016549056900489298,0.9983353468462317,7.135735134185077e-63,9.747463719470288e-06],[0.0008125095033857275,0.0008125095033857275,0.998373634124559,1.3468686695503494e-06],[9.747463719470288e-06,7.135735134185077e-63,0.9983353468462317,0.0016549056900489298],[0.25,0.25,0.25,0.25],[2.999783727571465e-07,0.0003685993787399986,0.9996311006428872,2.1441354558274683e-69],[1.3468686695503494e-06,0.998373634124559,0.0008125095033857275,0.0008125095033857275],[2.1441354558274683e-69,0.9996311006428872,0.0003685993787399986,2.999783727571465e-07],[0.25,0.25,0.25,0.25]],"V_pi":[0.7283031302539815,0.8097023376036997,0.8998200722110558,0.8097023376036997,0.0,0.9999630707667749,0.8998200722110558,0.9999630707667749,0.0],"meanEntropy":0.11240276576776997,"klToUniform":1.2738915953521206},{"alpha":0.014563,"Q":[[0.6654494309108163,0.7291111369672887,0.7291111369672887,0.6654494309108163],[0.7291111369672887,0.8100667811998284,-1.0,0.6654494309108163],[0.8100667811998284,0.8100667811998284,0.9000136898584239,0.7291111369672887],[0.6654494309108163,-1.0,0.8100667811998284,0.7291111369672887],[0.0,0.0,0.0,0.0],[0.8100667811998284,0.9000136898584239,1.0,-1.0],[0.7291111369672887,0.9000136898584239,0.8100667811998284,0.8100667811998284],[-1.0,1.0,0.9000136898584239,0.8100667811998284],[0.0,0.0,0.0,0.0]],"V_soft":[0.7393882565675737,0.8101234855192097,0.9000742013331428,0.8101234855192097,0.0,1.0000152109538043,0.9000742013331428,1.0000152109538043,0.0],"pi":[[0.006237536740306284,0.49376246325969375,0.49376246325969375,0.006237536740306284],[0.0038376743709542674,0.9961138455669363,1.0444991744168647e-54,4.84800621094785e-05],[0.0020692794173065576,0.0020692794173065576,0.9958534689635935,7.97220179348158e-06],[4.84800621094785e-05,1.0444991744168647e-54,0.9961138455669363,0.0038376743709542674],[0.25,0.25,0.25,0.25],[2.164716482476215e-06,0.0010417831445898157,0.9989560521389277,2.2698656271624426e-60],[7.972201793481577e-06,0.9958534689635933,0.002069279417306557,0.002069279417306557],[2.2698656271624426e-60,0.9989560521389277,0.0010417831445898157,2.164716482476215e-06],[0.25,0.25,0.25,0.25]],"V_pi":[0.727413483527623,0.8092582230592396,0.8995305835711976,0.8092582230592394,0.0,0.9998953113182576,0.8995305835711974,0.9998953113182576,0.0],"meanEntropy":0.12681765894187383,"klToUniform":1.2594767021780169},{"alpha":0.016768,"Q":[[0.667182422036081,0.7292830087931668,0.7292830087931668,0.667182422036081],[0.7292830087931668,0.8101770185431272,-1.0,0.667182422036081],[0.8101770185431272,0.8101770185431272,0.9000390114147082,0.7292830087931668],[0.667182422036081,-1.0,0.8101770185431272,0.7292830087931668],[0.0,0.0,0.0,0.0],[0.8101770185431272,0.9000390114147082,1.0,-1.0],[0.7292830087931668,0.9000390114147082,0.8101770185431272,0.8101770185431272],[-1.0,1.0,0.9000390114147082,0.8101770185431272],[0.0,0.0,0.0,0.0]],"V_soft":[0.7413138022623122,0.8103144542146297,0.9001966872701412,0.8103144542146297,0.0,1.0000433460163425,0.9001966872701412,1.0000433460163425,0.0],"pi":[[0.012022166622475253,0.4879778333775247,0.4879778333775247,0.012022166622475253],[0.007966539315723565,0.9918371913939376,1.2956906162780565e-47,0.00019626929033891643],[0.0046609340824939885,0.0046609340824939885,0.9906406947284604,3.7437106551730845e-05],[0.00019626929033891643,1.2956906162780565e-47,0.9918371913939376,0.007966539315723565],[0.25,0.25,0.25,0.25],[1.2089962589604285e-05,0.0025696156021580347,0.9974182944352523,1.5793772621580629e-52],[3.743710655173084e-05,0.9906406947284602,0.004660934082493988,0.004660934082493988],[1.5793772621580629e-52,0.9974182944352523,0.0025696156021580347,1.2089962589604285e-05],[0.25,0.25,0.25,0.25]],"V_pi":[0.7257202330534276,0.8083424096513521,0.8989137657872426,0.8083424096513522,0.0,0.99974012853482,0.8989137657872426,0.99974012853482,0.0],"meanEntropy":0.15124351087733687,"klToUniform":1.2350508502425537},{"alpha":0.019307,"Q":[[0.6694870995668697,0.7296547323311205,0.7296547323311205,0.6694870995668697],[0.7296547323311205,0.8104224723524243,-1.0,0.6694870995668697],[0.8104224723524243,0.8104224723524243,0.9000990116620378,0.7296547323311205],[0.6694870995668697,-1.0,0.8104224723524243,0.7296547323311205],[0.0,0.0,0.0,0.0],[0.8104224723524243,0.9000990116620378,1.0,-1.0],[0.7296547323311205,0.9000990116620378,0.8104224723524243,0.8104224723524243],[-1.0,1.0,0.9000990116620378,0.8104224723524243],[0.0,0.0,0.0,0.0]],"V_soft":[0.7438745550742997,0.8107274803679116,0.9004694137249158,0.8107274803679116,0.0,1.0001100129578198,0.9004694137249158,1.0001100129578198,0.0],"pi":[[0.021218647382323614,0.4787813526176764,0.4787813526176764,0.021218647382323614],[0.015008515832626298,0.9843263362800481,1.8587937940902395e-41,0.0006651478873255538],[0.009429114949503764,0.009429114949503764,0.9809979996706065,0.00014377043038602398],[0.0006651478873255538,1.8587937940902395e-41,0.9843263362800481,0.015008515832626298],[0.25,0.25,0.25,0.25],[5.4092956308959325e-05,0.005627790330220904,0.9943181167134701,1.0214869579846541e-45],[0.00014377043038602398,0.9809979996706065,0.009429114949503764,0.009429114949503764],[1.0214869579846541e-45,0.9943181167134701,0.005627790330220904,5.4092956308959325e-05],[0.25,0.25,0.25,0.25]],"V_pi":[0.7227567997509543,0.8066221285115406,0.8977305957815426,0.8066221285115407,0.0,0.999423914945063,0.8977305957815426,0.999423914945063,0.0],"meanEntropy":0.18891858955376165,"klToUniform":1.1973757715661288},{"alpha":0.0198,"Q":[[0.6699803982211824,0.7297538752041729,0.7297538752041729,0.6699803982211824],[0.7297538752041729,0.8104887353428784,-1.0,0.6699803982211824],[0.8104887353428784,0.8104887353428784,0.900115691357785,0.7297538752041729],[0.6699803982211824,-1.0,0.8104887353428784,0.7297538752041729],[0.0,0.0,0.0,0.0],[0.8104887353428784,0.900115691357785,1.0,-1.0],[0.7297538752041729,0.900115691357785,0.8104887353428784,0.8104887353428784],[-1.0,1.0,0.900115691357785,0.8104887353428784],[0.0,0.0,0.0,0.0]],"V_soft":[0.7444226646902027,0.8108376391157477,0.9005430392698648,0.8108376391157477,0.0,1.0001285459530944,0.9005430392698648,1.0001285459530944,0.0],"pi":[[0.02329048367206662,0.47670951632793335,0.47670951632793335,0.02329048367206662],[0.016653421444611228,0.9825329462972633,1.9097212705700875e-40,0.0008136322581253964],[0.010586272460858089,0.010586272460858089,0.9786480232765489,0.00017943180173503605],[0.0008136322581253964,1.9097212705700875e-40,0.9825329462972633,0.016653421444611228],[0.25,0.25,0.25,0.25],[6.925132963074566e-05,0.006401939597057047,0.9935288090733122,1.34601834686045e-44],[0.00017943180173503605,0.9786480232765489,0.010586272460858089,0.010586272460858089],[1.34601834686045e-44,0.9935288090733122,0.006401939597057047,6.925132963074566e-05],[0.25,0.25,0.25,0.25]],"V_pi":[0.722048609663562,0.8061958949054638,0.8974353662531728,0.8061958949054641,0.0,0.9993427012556243,0.8974353662531729,0.9993427012556243,0.0],"meanEntropy":0.19727208711879068,"klToUniform":1.1890222740011},{"alpha":0.02,"Q":[[0.6701851515298396,0.7297968929735849,0.7297968929735849,0.6701851515298396],[0.7297968929735849,0.8105175555000889,-1.0,0.6701851515298396],[0.8105175555000889,0.8105175555000889,0.9001229926856483,0.7297968929735849],[0.6701851515298396,-1.0,0.8105175555000889,0.7297968929735849],[0.0,0.0,0.0,0.0],[0.8105175555000889,0.9001229926856483,1.0,-1.0],[0.7297968929735849,0.9001229926856483,0.8105175555000889,0.8105175555000889],[-1.0,1.0,0.9001229926856483,0.8105175555000889],[0.0,0.0,0.0,0.0]],"V_soft":[0.7446501683664885,0.8108854366373165,0.9005750616667654,0.8108854366373165,0.0,1.0001366585396092,0.9005750616667654,1.0001366585396092,0.0],"pi":[[0.024155314955928594,0.47584468504407146,0.47584468504407146,0.024155314955928594],[0.017345413082485123,0.9817740813046185,4.754691847438064e-40,0.000880505612896164],[0.011077100625182178,0.011077100625182178,0.977650094982589,0.00019570376704661032],[0.000880505612896164,4.754691847438064e-40,0.9817740813046185,0.017345413082485123],[0.25,0.25,0.25,0.25],[7.629103281232318e-05,0.006733344581679375,0.9931903643855083,3.6947436141659095e-44],[0.00019570376704661037,0.9776500949825893,0.011077100625182182,0.011077100625182182],[3.6947436141659095e-44,0.9931903643855083,0.006733344581679375,7.629103281232318e-05],[0.25,0.25,0.25,0.25]],"V_pi":[0.7217487789045381,0.8060139932567204,0.8973092393452722,0.8060139932567206,0.0,0.9993077906973978,0.8973092393452724,0.9993077906973978,0.0],"meanEntropy":0.20074737024837064,"klToUniform":1.1855469908715202},{"alpha":0.02223,"Q":[[0.6726614468700061,0.7303958838047827,0.7303958838047827,0.6726614468700061],[0.7303958838047827,0.8109217765969231,-1.0,0.6726614468700061],[0.8109217765969231,0.8109217765969231,0.9002276474748913,0.7303958838047827],[0.6726614468700061,-1.0,0.8109217765969231,0.7303958838047827],[0.0,0.0,0.0,0.0],[0.8109217765969231,0.9002276474748913,1.0,-1.0],[0.7303958838047827,0.9002276474748913,0.8109217765969231,0.8109217765969231],[-1.0,1.0,0.9002276474748913,0.8109217765969231],[0.0,0.0,0.0,0.0]],"V_soft":[0.7474016076333401,0.8115509820053141,0.9010241962188035,0.8115509820053141,0.0,1.000252941638768,0.9010241962188035,1.000252941638768,0.0],"pi":[[0.03466133464269813,0.46533866535730184,0.46533866535730184,0.03466133464269813],[0.025972897890841024,0.9720924782052034,4.0624697555112915e-36,0.0019346239039556815],[0.017366881189733573,0.017366881189733573,0.9648022198013064,0.0004640178192265569],[0.0019346239039556815,4.0624697555112915e-36,0.9720924782052034,0.025972897890841024],[0.25,0.25,0.25,0.25],[0.00020005434479400318,0.011113847894131381,0.9886860977610746,8.360467171650224e-40],[0.0004640178192265568,0.9648022198013062,0.01736688118973357,0.01736688118973357],[8.360467171650224e-40,0.9886860977610746,0.011113847894131381,0.00020005434479400318],[0.25,0.25,0.25,0.25]],"V_pi":[0.7179121082606258,0.8036217408007353,0.8956470598346744,0.803621740800735,0.0,0.9988382002841497,0.8956470598346741,0.9988382002841497,0.0],"meanEntropy":0.2425177997257754,"klToUniform":1.1437765613941153},{"alpha":0.025595,"Q":[[0.6771430510299862,0.7317785232994262,0.7317785232994262,0.6771430510299862],[0.7317785232994262,0.81186431734016,-1.0,0.6771430510299862],[0.81186431734016,0.81186431734016,0.9004815444888008,0.7317785232994262],[0.6771430510299862,-1.0,0.81186431734016,0.7317785232994262],[0.0,0.0,0.0,0.0],[0.81186431734016,0.9004815444888008,1.0,-1.0],[0.7317785232994262,0.9004815444888008,0.81186431734016,0.81186431734016],[-1.0,1.0,0.9004815444888008,0.81186431734016],[0.0,0.0,0.0,0.0]],"V_soft":[0.7523811678110958,0.8130872481104735,0.9020714637112888,0.8130872481104735,0.0,1.000535049432001,0.9020714637112888,1.000535049432001,0.0],"pi":[[0.052888832373063306,0.44711116762693665,0.44711116762693665,0.052888832373063306],[0.041721340417101065,0.9533434373396005,1.7204429612877253e-31,0.004935222243298382],[0.029469335952762073,0.029469335952762073,0.9397716562417151,0.0012896718527607887],[0.004935222243298382,1.7204429612877253e-31,0.9533434373396005,0.041721340417101065],[0.25,0.25,0.25,0.25],[0.0006289931466284796,0.020058474752171367,0.9793125321012002,1.1351070237972335e-34],[0.0012896718527607887,0.9397716562417151,0.029469335952762073,0.029469335952762073],[1.1351070237972335e-34,0.9793125321012002,0.020058474752171367,0.0006289931466284796],[0.25,0.25,0.25,0.25]],"V_pi":[0.7104023370462582,0.7986729940107037,0.8922143932545124,0.7986729940107036,0.0,0.9978310817705768,0.8922143932545124,0.9978310817705768,0.0],"meanEntropy":0.3136781378527932,"klToUniform":1.0726162232670973},{"alpha":0.029471,"Q":[[0.6835609582153782,0.7342260964374034,0.7342260964374034,0.6835609582153782],[0.7342260964374034,0.8135401321451424,-1.0,0.6835609582153782],[0.8135401321451424,0.8135401321451424,0.9009506493634065,0.7342260964374034],[0.6835609582153782,-1.0,0.8135401321451424,0.7342260964374034],[0.0,0.0,0.0,0.0],[0.8135401321451424,0.9009506493634065,1.0,-1.0],[0.7342260964374034,0.9009506493634065,0.8135401321451424,0.8135401321451424],[-1.0,1.0,0.9009506493634065,0.8135401321451424],[0.0,0.0,0.0,0.0]],"V_soft":[0.7595121757948646,0.8158067738193371,0.9039334801612694,0.8158067738193371,0.0,1.0010562770704516,0.9039334801612694,1.001056277