{"0.01":{"V":[[0.0,0.0,0.0,0.0,0.0,0.0,0.0,0.0,0.0],[0.013862943611198907,0.010986122886681098,0.013862943611198907,0.010986122886681098,0.0,1.0,0.013862943611198907,1.0,0.0],[0.02512858600684436,0.022671941450517756,0.9,0.022671941450517756,0.0,1.0000004539889922,0.9,1.0000004539889922,0.0],[0.0354341623213196,0.81,0.9000028763808041,0.81,0.0,1.0000004540635672,0.9000028763808041,1.0000004540635672,0.0],[0.7359314718055996,0.810005622888073,0.9000028774612457,0.810005622888073,0.0,1.0000004540635847,0.9000028774612457,1.0000004540635847,0.0],[0.7359492505636679,0.8100056292584862,0.900002877461691,0.8100056292584862,0.0,1.0000004540635847,0.900002877461691,1.0000004540635847,0.0],[0.7359492766432404,0.8100056292668126,0.9000028774616914,0.8100056292668126,0.0,1.0000004540635847,0.9000028774616914,1.0000004540635847,0.0],[0.735949276680605,0.8100056292668243,0.9000028774616914,0.8100056292668243,0.0,1.0000004540635847,0.9000028774616914,1.0000004540635847,0.0]],"pi_start":[[0.25,0.25,0.25,0.25],[0.2821846385469927,0.21781536145300726,0.21781536145300726,0.2821846385469927],[0.27752521320795775,0.2224747867920422,0.2224747867920422,0.27752521320795775],[2.6539930339603506e-31,0.5,0.5,2.6539930339603506e-31],[0.0006355037326023803,0.4993644962673976,0.4993644962673976,0.0006355037326023803],[0.0006365197485927032,0.49936348025140725,0.49936348025140725,0.0006365197485927032],[0.0006365212402307836,0.4993634787597692,0.4993634787597692,0.0006365212402307836],[0.0006365212423678951,0.49936347875763215,0.49936347875763215,0.0006365212423678951]]},"0.05":{"V":[[0.0,0.0,0.0,0.0,0.0,0.0,0.0,0.0,0.0],[0.06931471805599453,0.05493061446775804,0.06931471805599453,0.05493061446775806,0.0,1.0000000002061153,0.06931471805599453,1.0000000002061153,0.0],[0.12564293004769034,0.11335970727187536,0.9000000075357046,0.11335970727187536,0.0,1.0063464008903509,0.9000000075357046,1.0063464008903509,0.0],[0.17717081162104956,0.8100000864448511,0.9186337921640977,0.8100000864448511,0.0,1.0080244033314252,0.9186337921640978,1.0080244033314252,0.0],[0.7636580017013863,0.8333879451554492,0.925052359545508,0.8333879451554493,0.0,1.008598870899162,0.925052359545508,1.008598870899162,0.0],[0.7972458553131188,0.8435761809890212,0.9275851183988095,0.8435761809890212,0.0,1.008828080994968,0.9275851183988095,1.008828080994968,0.0],[0.8119108866992134,0.8485630707957703,0.9286976496730881,0.8485630707957703,0.0,1.0089240082287403,0.9286976496730881,1.0089240082287403,0.0],[0.8192003992270369,0.8511486540144279,0.9292197738099336,0.8511486540144277,0.0,1.0089665547200233,0.9292197738099336,1.0089665547200233,0.0],[0.8230108233327312,0.8525220958152283,0.9294769923496291,0.8525220958152283,0.0,1.0089864366867918,0.9294769923496291,1.0089864366867918,0.0],[0.8250477815504481,0.8532604525685644,0.92960808743914,0.8532604525685644,0.0,1.008996152150649,0.92960808743914,1.008996152150649,0.0],[0.8261482044402426,0.8536598055801873,0.9296764688925786,0.8536598055801873,0.0,1.0090010665034344,0.9296764688925786,1.0090010665034344,0.0],[0.8267456114322073,0.853876486454936,0.9297126902504557,0.853876486454936,0.0,1.0090036149694688,0.9297126902504557,1.0090036149694686,0.0],[0.8270706522842294,0.853994249309551,0.9297320691897266,0.8539942493095509,0.0,1.0090049592903925,0.9297320691897265,1.0090049592903922,0.0],[0.8272476623856498,0.8540583083934294,0.9297425038978073,0.8540583083934293,0.0,1.0090056765001834,0.9297425038978072,1.0090056765001834,0.0],[0.8273440871758851,0.8540931708548084,0.9297481455365636,0.8540931708548083,0.0,1.0090060619686387,0.9297481455365635,1.0090060619686387,0.0],[0.8273966158374337,0.854112148599112,0.9297512036735452,0.8541121485991119,0.0,1.0090062701240279,0.9297512036735451,1.0090062701240279,0.0],[0.827425229802187,0.854122480715008,0.9297528641124708,0.854122480715008,0.0,1.009006382869555,0.9297528641124708,1.009006382869555,0.0],[0.8274408153765617,0.8541281062625565,0.929753766601095,0.8541281062625565,0.0,1.0090064440547795,0.929753766601095,1.0090064440547795,0.0],[0.827449303911141,0.8541311693305296,0.9297542574500706,0.8541311693305296,0.0,1.0090064772996759,0.9297542574500706,1.0090064772996759,0.0],[0.8274539268071126,0.8541328371807029,0.9297545245271064,0.8541328371807029,0.0,1.00900649537729,0.9297545245271064,1.00900649537729,0.0],[0.8274564443324484,0.8541337453397209,0.929754669885892,0.8541337453397208,0.0,1.0090065052122377,0.929754669885892,1.0090065052122377,0.0],[0.827457815270468,0.8541342398428791,0.929754749012027,0.8541342398428791,0.0,1.0090065105645298,0.929754749012027,1.0090065105645298,0.0],[0.8274585618063062,0.8541345091063332,0.9297547920890583,0.8541345091063332,0.0,1.0090065134778938,0.9297547920890583,1.0090065134778938,0.0],[0.8274589683205801,0.8541346557240129,0.9297548155422352,0.8541346557240129,0.0,1.0090065150639018,0.9297548155422352,1.0090065150639018,0.0],[0.8274591896788173,0.8541347355594225,0.9297548283118214,0.8541347355594225,0.0,1.0090065159273802,0.9297548283118214,1.0090065159273802,0.0],[0.8274593102135022,0.8541347790309506,0.9297548352646942,0.8541347790309506,0.0,1.0090065163975128,0.9297548352646942,1.0090065163975128,0.0],[0.8274593758470712,0.8541348027018257,0.9297548390505112,0.8541348027018257,0.0,1.0090065166534916,0.9297548390505112,1.0090065166534916,0.0],[0.8274594115857453,0.85413481559096,0.9297548411119005,0.85413481559096,0.0,1.0090065167928703,0.9297548411119005,1.0090065167928703,0.0],[0.8274594310460581,0.8541348226092804,0.9297548422343418,0.8541348226092804,0.0,1.0090065168687623,0.9297548422343418,1.0090065168687623,0.0],[0.8274594416425111,0.8541348264308576,0.929754842845522,0.8541348264308576,0.0,1.009006516910086,0.929754842845522,1.0090065169100857,0.0],[0.8274594474124441,0.8541348285117616,0.9297548431783167,0.8541348285117616,0.0,1.0090065169325868,0.9297548431783166,1.0090065169325868,0.0],[0.8274594505542601,0.854134829644844,0.9297548433595275,0.8541348296448439,0.0,1.009006516944839,0.9297548433595275,1.009006516944839,0.0],[0.8274594522650256,0.8541348302618238,0.9297548434581993,0.8541348302618238,0.0,1.0090065169515103,0.9297548434581993,1.0090065169515103,0.0],[0.8274594531965627,0.8541348305977782,0.9297548435119274,0.8541348305977782,0.0,1.009006516955143,0.9297548435119274,1.009006516955143,0.0],[0.8274594537037983,0.8541348307807102,0.929754843541183,0.8541348307807102,0.0,1.009006516957121,0.929754843541183,1.009006516957121,0.0],[0.8274594539799954,0.8541348308803193,0.9297548435571131,0.8541348308803193,0.0,1.009006516958198,0.9297548435571131,1.009006516958198,0.0],[0.8274594541303888,0.8541348309345579,0.9297548435657874,0.8541348309345579,0.0,1.0090065169587845,0.9297548435657874,1.0090065169587845,0.0],[0.8274594542122802,0.8541348309640917,0.9297548435705105,0.8541348309640917,0.0,1.0090065169591038,0.9297548435705105,1.0090065169591038,0.0]],"pi_start":[[0.25,0.25,0.25,0.25],[0.28218463847098046,0.21781536152901948,0.21781536152901954,0.28218463847098046],[0.2775252131950259,0.22247478680497412,0.22247478680497412,0.2775252131950259],[5.648698321924479e-06,0.499994351301678,0.499994351301678,5.648698321924479e-06],[0.11090591212439611,0.38909408787560346,0.3890940878756043,0.11090591212439611],[0.15140569269110246,0.34859430730889757,0.34859430730889757,0.15140569269110246],[0.17039908676614424,0.3296009132338558,0.3296009132338558,0.17039908676614424],[0.18003404977442777,0.31996595022557256,0.31996595022557184,0.18003404977442777],[0.18511818666906277,0.31488181333093723,0.31488181333093723,0.18511818666906277],[0.18785140626264438,0.31214859373735554,0.31214859373735554,0.18785140626264438],[0.18933363630653977,0.3106663636934602,0.3106663636934602,0.18933363630653977],[0.19014049363191676,0.3098595063680832,0.3098595063680832,0.19014049363191676],[0.19058032750538403,0.30941967249461627,0.30941967249461555,0.19058032750538403],[0.19082016850986397,0.3091798314901364,0.3091798314901357,0.19082016850986397],[0.19095093904244578,0.3090490609575546,0.3090490609575539,0.19095093904244578],[0.19102222222606632,0.308977777773934,0.3089777777739333,0.19102222222606632],[0.19106106861081726,0.3089389313891828,0.3089389313891828,0.19106106861081726],[0.1910822335501678,0.3089177664498322,0.3089177664498322,0.1910822335501678],[0.19109376297887334,0.3089062370211267,0.3089062370211267,0.19109376297887334],[0.19110004273282552,0.3088999572671745,0.3088999572671745,0.19110004273282552],[0.191103462822733,0.30889653717726734,0.3088965371772667,0.191103462822733],[0.19110532535818534,0.3088946746418146,0.3088946746418146,0.19110532535818534],[0.19110633962556173,0.30889366037443833,0.30889366037443833,0.19110633962556173],[0.19110689194129843,0.30889310805870157,0.30889310805870157,0.19110689194129843],[0.19110719269688,0.30889280730312,0.30889280730312,0.19110719269688],[0.19110735646682253,0.30889264353317747,0.30889264353317747,0.19110735646682253],[0.19110744564341453,0.3088925543565854,0.3088925543565854,0.19110744564341453],[0.19110749420188822,0.3088925057981118,0.3088925057981118,0.19110749420188822],[0.19110752064286735,0.30889247935713265,0.30889247935713265,0.19110752064286735],[0.19110753504042943,0.30889246495957057,0.30889246495957057,0.19110753504042943],[0.19110754288013396,0.30889245711986607,0.30889245711986607,0.19110754288013396],[0.19110754714897496,0.30889245285102535,0.3088924528510247,0.19110754714897496],[0.19110754947342304,0.30889245052657704,0.30889245052657704,0.19110754947342304],[0.19110755073911995,0.30889244926088005,0.30889244926088005,0.19110755073911995],[0.19110755142831054,0.3088924485716894,0.3088924485716894,0.19110755142831054],[0.19110755180358513,0.3088924481964149,0.3088924481964149,0.19110755180358513],[0.19110755200792762,0.30889244799207244,0.30889244799207244,0.19110755200792762],[0.19110755211919464,0.3088924478808054,0.3088924478808054,0.19110755211919464]]},"0.1":{"V":[[0.0,0.0,0.0,0.0,0.0,0.0,0.0,0.0,0.0],[0.8005212616642838,0.8991482368061731,1.021010593357024,0.8991482368061731,0.0,1.062601925736604,1.021010593357024,1.062601925736604,0.0],[1.0683432988654737,1.062191581106039,1.1127777630049758,1.062191581106039,0.0,1.0998465770512975,1.1127777630049758,1.0998465770512975,0.0],[1.1562711544424196,1.134275799597809,1.1621332805565174,1.134275799597809,0.0,1.1261039956289471,1.1621332805565174,1.1261039956289471,0.0],[1.199920665586311,1.1734035826358407,1.1929743616637942,1.1734035826358407,0.0,1.145473891579309,1.1929743616637942,1.145473891579309,0.0],[1.224333784787773,1.196149783369286,1.2122822234639585,1.196149783369286,0.0,1.1588233844478983,1.2122822234639585,1.1588233844478983,0.0],[1.2387099498215448,1.2097908881839268,1.2242987465906778,1.2097908881839268,0.0,1.1675823485573347,1.2242987465906778,1.1675823485573347,0.0],[1.2473864640887053,1.2180992174069583,1.231758608730594,1.2180992174069583,0.0,1.173182525704862,1.231758608730594,1.173182525704862,0.0],[1.2526889299703121,1.2232012126585836,1.2363869293339231,1.2232012126585836,0.0,1.1767163207658764,1.2363869293339231,1.1767163207658764,0.0],[1.2559512513368642,1.2263486007715547,1.2392586787102746,1.2263486007715547,0.0,1.1789309025143078,1.2392586787102746,1.178930902514308,0.0],[1.2579659714544849,1.2282953376081582,1.241040915143021,1.2282953376081582,0.0,1.1803135365584554,1.241040915143021,1.1803135365584554,0.0],[1.2592129414238056,1.2295013292126702,1.2421472151910764,1.2295013292126702,0.0,1.1811749127236744,1.2421472151910764,1.1811749127236744,0.0],[1.259985737571427,1.2302491397757866,1.2428340413111867,1.2302491397757866,0.0,1.1817108740418059,1.2428340413111867,1.1817108740418059,0.0],[1.2604650484191866,1.2307131089413443,1.2432604892202763,1.2307131089413443,0.0,1.1820441069800884,1.2432604892202763,1.1820441069800884,0.0],[1.2607624746830772,1.2310010743283641,1.2435252873325506,1.2310010743283641,0.0,1.1822511995717087,1.2435252873325506,1.1822511995717087,0.0],[1.2609470910948666,1.2311798408592345,1.2436897180009265,1.2311798408592345,0.0,1.182379864485003,1.2436897180009265,1.182379864485003,0.0],[1.261061705936579,1.231290832615625,1.2437918267156152,1.231290832615625,0.0,1.1824597892182482,1.2437918267156152,1.1824597892182482,0.0],[1.261132869982053,1.2313597504341953,1.2438552356369759,1.2313597504341953,0.0,1.182509432016302,1.2438552356369759,1.182509432016302,0.0],[1.261177058647739,1.2314025456103228,1.2438946126395944,1.2314025456103228,0.0,1.1825402640972544,1.2438946126395944,1.1825402640972544,0.0],[1.2612044983916113,1.231429120536722,1.2439190659632025,1.231429120536722,0.0,1.182559412465942,1.2439190659632025,1.182559412465942,0.0],[1.2612215380525433,1.231445623349945,1.2439342516687206,1.231445623349945,0.0,1.1825713043258104,1.2439342516687206,1.1825713043258104,0.0],[1.2612321195985403,1.2314558715896577,1.2439436821356296,1.231455871589658,0.0,1.1825786895042978,1.2439436821356296,1.1825786895042978,0.0],[1.2612386907551703,1.2314622357909069,1.2439495385544528,1.2314622357909069,0.0,1.1825832758627566,1.2439495385544528,1.1825832758627566,0.0],[1.2612427714800902,1.2314661880063102,1.2439531754556408,1.2314661880063102,0.0,1.1825861240751923,1.2439531754556408,1.1825861240751923,0.0],[1.2612453056431943,1.2314686423681815,1.2439554340131325,1.2314686423681815,0.0,1.1825878928605613,1.2439554340131325,1.1825878928605613,0.0],[1.261246879382851,1.2314701665521308,1.243956836603877,1.2314701665521308,0.0,1.1825889913019478,1.243956836603877,1.1825889913019478,0.0],[1.2612478566918237,1.2314711130871114,1.2439577076294246,1.2314711130871114,0.0,1.1825896734490078,1.2439577076294246,1.1825896734490078,0.0],[1.2612484636116157,1.2314717008961524,1.2439582485467395,1.2314717008961524,0.0,1.1825900970712426,1.2439582485467395,1.1825900970712426,0.0],[1.2612488405158127,1.2314720659324456,1.2439585844629129,1.2314720659324456,0.0,1.1825903601460375,1.2439585844629129,1.1825903601460375,0.0],[1.261249074577757,1.2314722926243178,1.2439587930709184,1.2314722926243178,0.0,1.1825905235187744,1.2439587930709184,1.1825905235187744,0.0],[1.2612492199330134,1.2314724334026856,1.2439589226190169,1.2314724334026856,0.0,1.1825906249752645,1.2439589226190169,1.1825906249752645,0.0],[1.2612493102003728,1.2314725208277475,1.2439590030699572,1.2314725208277475,0.0,1.1825906879809915,1.2439590030699572,1.1825906879809915,0.0],[1.2612493662574917,1.2314725751197675,1.2439590530309677,1.2314725751197675,0.0,1.182590727108319,1.2439590530309677,1.182590727108319,0.0],[1.2612494010696407,1.2314726088357695,1.2439590840573618,1.2314726088357695,0.0,1.1825907514068668,1.2439590840573618,1.1825907514068668,0.0],[1.2612494226884068,1.2314726297738152,1.2439591033251294,1.2314726297738152,0.0,1.182590766496561,1.2439591033251294,1.182590766496561,0.0],[1.261249436113923,1.231472642776596,1.243959115290647,1.231472642776596,0.0,1.1825907758674448,1.243959115290647,1.1825907758674448,0.0],[1.2612494444513316,1.2314726508514808,1.243959122721379,1.2314726508514808,0.0,1.1825907816868777,1.243959122721379,1.1825907816868777,0.0],[1.2612494496289635,1.2314726558660822,1.243959127335954,1.2314726558660822,0.0,1.1825907853008164,1.243959127335954,1.1825907853008164,0.0],[1.2612494528443357,1.2314726589802105,1.243959130201661,1.2314726589802105,0.0,1.182590787545116,1.243959130201661,1.182590787545116,0.0],[1.261249454841121,1.2314726609141222,1.2439591319812997,1.2314726609141222,0.0,1.1825907889388534,1.2439591319813,1.1825907889388534,0.0]],"pi_start":[[0.25,0.25,0.25,0.25],[0.14579825754096548,0.3542017424590346,0.3542017424590346,0.14579825754096548],[0.2569189151707434,0.24308108482925664,0.24308108482925664,0.2569189151707434],[0.27466428256887737,0.22533571743112263,0.22533571743112263,0.27466428256887737],[0.27969092982305316,0.22030907017694681,0.22030907017694681,0.27969092982305316],[0.2815380823612822,0.2184619176387178,0.2184619176387178,0.2815380823612822],[0.28235152240028394,0.21764847759971612,0.21764847759971612,0.28235152240028394],[0.28275870659673047,0.2172412934032696,0.2172412934032696,0.28275870659673047],[0.2829803374274492,0.2170196625725508,0.2170196625725508,0.2829803374274492],[0.2831073784207396,0.21689262157926043,0.21689262157926043,0.2831073784207396],[0.28318251527077615,0.21681748472922385,0.21681748472922385,0.28318251527077615],[0.2832278026544879,0.21677219734551212,0.21677219734551212,0.2832278026544879],[0.2832554144717076,0.21674458552829237,0.21674458552829237,0.2832554144717076],[0.28327236830762975,0.21672763169237028,0.21672763169237028,0.28327236830762975],[0.28328282320883286,0.2167171767911671,0.2167171767911671,0.28328282320883286],[0.28328928765889666,0.21671071234110334,0.21671071234110334,0.28328928765889666],[0.283293291350856,0.216706708649144,0.216706708649144,0.283293291350856],[0.28329577353611046,0.2167042264638895,0.2167042264638895,0.28329577353611046],[0.2832973134035585,0.21670268659644146,0.21670268659644146,0.2832973134035585],[0.2832982690637314,0.21670173093626863,0.21670173093626863,0.2832982690637314],[0.28329886230283613,0.21670113769716393,0.21670113769716393,0.28329886230283613],[0.2832992306199864,0.21670076938001337,0.21670076938001384,0.2832992306199864],[0.2832994593141188,0.21670054068588115,0.21670054068588115,0.2832994593141188],[0.28329960132234516,0.21670039867765487,0.21670039867765487,0.28329960132234516],[0.28329968950593143,0.21670031049406854,0.21670031049406854,0.28329968950593143],[0.2832997442669865,0.21670025573301352,0.21670025573301352,0.2832997442669865],[0.28329977827348685,0.2167002217265132,0.2167002217265132,0.28329977827348685],[0.2832997993916356,0.21670020060836445,0.21670020060836445,0.2832997993916356],[0.28329981250614666,0.21670018749385334,0.21670018749385334,0.28329981250614666],[0.28329982065037246,0.21670017934962757,0.21670017934962757,0.28329982065037246],[0.2832998257080182,0.21670017429198182,0.21670017429198182,0.2832998257080182],[0.2832998288488714,0.21670017115112855,0.21670017115112855,0.2832998288488714],[0.2832998307993767,0.21670016920062332,0.21670016920062332,0.2832998307993767],[0.28329983201066306,0.21670016798933697,0.21670016798933697,0.28329983201066306],[0.28329983276288645,0.21670016723711355,0.21670016723711355,0.28329983276288645],[0.28329983323002605,0.2167001667699739,0.2167001667699739,0.28329983323002605],[0.28329983352012517,0.21670016647987483,0.21670016647987483,0.28329983352012517],[0.2832998337002805,0.21670016629971947,0.21670016629971947,0.2832998337002805],[0.2832998338121592,0.21670016618784085,0.21670016618784085,0.2832998338121592],[0.2832998338816371,0.21670016611836296,0.21670016611836296,0.2832998338816371]]},"0.5":{"V":[[0.0,0.0,0.0,0.0,0.0,0.0,0.0,0.0,0.0],[2.698194871712081,2.595902797871549,2.723822640503302,2.595902797871549,0.0,2.390553617401709,2.723822640503302,2.390553617401709,0.0],[4.203876055360302,4.051953792464994,4.096735883640033,4.051953792464994,0.0,3.6845946543536647,4.096735883640033,3.6845946543536647,0.0],[5.053653661336854,4.8951394483202675,4.928482285685294,4.8951394483202675,0.0,4.508117481197118,4.928482285685294,4.508117481197118,0.0],[5.550525274185774,5.391201412419911,5.423113905665771,5.391201412419911,0.0,5.001662168500017,5.423113905665771,5.001662168500017,0.0],[5.843314811922573,5.6838856233427695,5.7156065625696,5.6838856233427695,0.0,5.293966533590275,5.7156065625696,5.293966533590275,0.0],[6.016121533198287,5.856675776559843,5.8883644516924285,5.856675776559843,0.0,5.466675417358868,5.888364451692428,5.466675417358868,0.0],[6.1181477388355,5.958698161031339,5.9903786149710125,5.958698161031339,0.0,5.568670981704887,5.9903786149710125,5.568670981704887,0.0],[6.178389314198975,6.018938378544895,6.050615684912076,6.018938378544895,0.0,5.628899255629321,6.050615684912076,5.628899255629321,0.0],[6.213959817244321,6.054508249361417,6.086184038069312,6.054508249361417,0.0,5.664462987092364,6.086184038069312,5.664462987092364,0.0],[6.234963083722812,6.075511183313136,6.107186161870542,6.075511183313136,0.0,5.6854625536625685,6.107186161870542,5.6854625536625685,0.0],[6.247364892990381,6.087912807953478,6.119587333551212,6.087912807953478,0.0,5.6978622708320925,6.119587333551212,5.6978622708320925,0.0],[6.254687807202965,6.095235616864394,6.126909883170138,6.095235616864394,0.0,5.705183980175824,6.126909883170138,5.705183980175824,0.0],[6.259011782702302,6.099559531421385,6.131233647355945,6.099559531421385,0.0,5.709507254537293,6.131233647355945,5.709507254537293,0.0],[6.261564970253189,6.10211268340769,6.13378671148494,6.10211268340769,0.0,5.7120600316201395,6.13378671148494,5.7120600316201395,0.0],[6.2630725570895125,6.103620249388652,6.135294225909951,6.103620249388652,0.0,5.713567377307565,6.135294225909951,5.713567377307565,0.0],[6.263962745689131,6.104510425723769,6.1361843719139975,6.104510425723769,0.0,5.714457423938949,6.1361843719139975,5.714457423938949,0.0],[6.264488377647329,6.105036050457477,6.136709978776698,6.105036050457477,0.0,5.714982972216031,6.136709978776698,5.714982972216031,0.0],[6.264798748923262,6.105346417473586,6.137020335253915,6.105346417473586,0.0,5.715293294131803,6.137020335253915,5.715293294131803,0.0],[6.264982014667878,6.105529680704996,6.137203592267079,6.105529680704996,0.0,5.715476530748444,6.137203592267079,5.715476530748444,0.0],[6.265090228076884,6.105637892630754,6.137311800522765,6.105637892630754,0.0,5.715584726964396,6.137311800522765,5.715584726964396,0.0],[6.26515412513551,6.105701788813818,6.137375694539319,6.105701788813818,0.0,5.71564861387316,6.137375694539319,5.71564861387316,0.0],[6.2651918546014524,6.105739517762854,6.137413422209288,6.105739517762854,0.0,5.715686337346643,6.137413422209289,5.715686337346643,0.0],[6.265214132819524,6.105761795675737,6.137435699366987,6.105761795675737,0.0,5.715708612026594,6.137435699366987,5.715708612026594,0.0],[6.265227287498215,6.105774950174234,6.137448853419593,6.105774950174234,0.0,5.715721764616214,6.137448853419593,5.715721764616214,0.0],[6.265235054976347,6.105782717545969,6.1374566205280505,6.105782717545969,0.0,5.7157295308608385,6.1374566205280505,5.7157295308608385,0.0],[6.265239641459834,6.105787303966634,6.137461206793259,6.105787303966634,0.0,5.715734116615985,6.13746120679326,5.715734116615985,0.0],[6.265242349652948,6.105790012122654,6.137463914857488,6.105790012122654,0.0,5.715736824379038,6.137463914857488,5.715736824379038,0.0],[6.265243948766945,6.105791611214748,6.137465513895381,6.105791611214748,0.0,5.715738423239096,6.137465513895381,5.715738423239096,0.0],[6.265244893000045,6.105792555434914,6.137466458083544,6.105792555434914,0.0,5.715739367322253,6.137466458083544,5.715739367322253,0.0],[6.265245450543876,6.105793112971108,6.137467015600842,6.105793112971108,0.0,5.715739924777547,6.137467015600842,5.715739924777547,0.0],[6.265245779758267,6.10579344218099,6.137467344799565,6.10579344218099,0.0,5.715740253939659,6.137467344799565,5.715740253939659,0.0],[6.265245974150365,6.105793636570425,6.137467539182412,6.105793636570425,0.0,5.715740448300887,6.137467539182412,5.715740448300887,0.0],[6.265246088933584,6.105793751352072,6.137467653960169,6.105793751352072,0.0,5.7157405630658795,6.137467653960169,5.7157405630658795,0.0],[6.265246156709937,6.105793819127498,6.137467721733297,6.105793819127498,0.0,5.71574063083147,6.137467721733297,5.71574063083147,0.0],[6.265246196730021,6.105793859147034,6.137467761751476,6.105793859147033,0.0,5.715740670845199,6.137467761751475,5.715740670845198,0.0],[6.265246220360787,6.105793882777475,6.137467785381117,6.105793882777475,0.0,5.715740694472211,6.137467785381117,5.715740694472212,0.0],[6.265246234314109,6.1057938967306065,6.137467799333775,6.1057938967306065,0.0,5.7157407084233185,6.137467799333775,5.7157407084233185,0.0],[6.265246242553163,6.1057939049695475,6.137467807572437,6.1057939049695475,0.0,5.715740716661064,6.137467807572437,5.715740716661064,0.0],[6.2652462474181,6.105793909834417,6.137467812437142,6.105793909834417,0.0,5.715740721525227,6.137467812437142,5.715740721525227,0.0]],"pi_start":[[0.25,0.25,0.25,0.25],[0.2729509125229267,0.22704908747707336,0.22704908747707336,0.2729509125229267],[0.28397107494903423,0.21602892505096574,0.21602892505096574,0.28397107494903423],[0.28542568759465986,0.2145743124053401,0.2145743124053401,0.28542568759465986],[0.28560418216809286,0.2143958178319072,0.2143958178319072,0.28560418216809286],[0.28562739972163514,0.21437260027836488,0.21437260027836488,0.28562739972163514],[0.28563105181896337,0.2143689481810366,0.2143689481810366,0.28563105181896337],[0.2856318941163566,0.21436810588364344,0.21436810588364344,0.2856318941163566],[0.28563219342624596,0.214367806573754,0.214367806573754,0.28563219342624596],[0.28563233278795924,0.21436766721204073,0.21436766721204073,0.28563233278795924],[0.2856324060865708,0.21436759391342922,0.21436759391342922,0.2856324060865708],[0.2856324467838007,0.2143675532161993,0.2143675532161993,0.2856324467838007],[0.2856324699953608,0.21436753000463926,0.21436753000463926,0.2856324699953608],[0.28563248342883196,0.21436751657116804,0.21436751657116804,0.28563248342883196],[0.28563249126830326,0.21436750873169677,0.21436750873169677,0.28563249126830326],[0.2856324958654334,0.21436750413456662,0.21436750413456662,0.2856324958654334],[0.28563249856888745,0.21436750143111252,0.21436750143111252,0.28563249856888745],[0.2856325001613753,0.21436749983862471,0.21436749983862471,0.2856325001613753],[0.285632501100365,0.21436749889963497,0.21436749889963497,0.285632501100365],[0.285632501654349,0.214367498345651,0.214367498345651,0.285632501654349],[0.2856325019813002,0.21436749801869984,0.21436749801869984,0.2856325019813002],[0.28563250217429964,0.21436749782570036,0.21436749782570036,0.28563250217429964],[0.28563250228824083,0.2143674977117592,0.2143674977117592,0.28563250228824083],[0.28563250235551313,0.21436749764448687,0.21436749764448687,0.28563250235551313],[0.2856325023952335,0.2143674976047665,0.2143674976047665,0.2856325023952335],[0.28563250241868626,0.21436749758131377,0.21436749758131377,0.28563250241868626],[0.285632502432534,0.21436749756746595,0.21436749756746595,0.285632502432534],[0.2856325024407107,0.21436749755928933,0.21436749755928933,0.2856325024407107],[0.2856325024455386,0.21436749755446136,0.21436749755446136,0.2856325024455386],[0.28563250244838984,0.21436749755161016,0.21436749755161016,0.28563250244838984],[0.2856325024500731,0.21436749754992687,0.21436749754992687,0.2856325024500731],[0.28563250245106725,0.21436749754893272,0.21436749754893272,0.28563250245106725],[0.28563250245165417,0.21436749754834583,0.21436749754834583,0.28563250245165417],[0.2856325024520005,0.21436749754799955,0.21436749754799955,0.2856325024520005],[0.2856325024522052,0.21436749754779483,0.21436749754779483,0.2856325024522052],[0.285632502452326,0.2143674975476742,0.2143674975476738,0.285632502452326],[0.28563250245239724,0.21436749754760273,0.21436749754760273,0.28563250245239724],[0.2856325024524395,0.21436749754756057,0.21436749754756057,0.2856325024524395],[0.28563250245246424,0.21436749754753576,0.21436749754753576,0.28563250245246424],[0.28563250245247906,0.21436749754752094,0.21436749754752094,0.28563250245247906]]},"1.0":{"V":[[0.0,0.0,0.0,0.0,0.0,0.0,0.0,0.0,0.0],[5.364689563107923,5.107703913273857,5.276189854687509,5.107703913273857,0.0,4.530246695994368,5.276189854687509,4.530246695994368,0.0],[8.347161542565074,8.03628245913389,8.113393902179162,8.03628245913389,0.0,7.279598255616989,8.113393902179162,7.279598255616989,0.0],[10.06623225849634,9.74830433427285,9.813328390413515,9.74830433427285,0.0,8.971122583422737,9.813328390413515,8.971122583422737,0.0],[11.076104730943733,10.757327035018069,10.820885807161085,10.757327035018069,0.0,9.977616925745494,10.820885807161085,9.977616925745494,0.0],[11.671789984536876,11.352904218516825,11.416275922475165,11.352904218516823,0.0,10.572833452613114,11.416275922475165,10.572833452613114,0.0],[12.023452098380167,11.704549779684868,11.767892605178636,11.70454977968487,0.0,10.924407634475006,11.767892605178636,10.924407634475006,0.0],[12.231090745134255,11.912184683350914,11.975520916739526,11.912184683350914,0.0,11.132020361926225,11.975520916739526,11.132020361926225,0.0],[12.35369549704315,12.034788107620598,12.098121992957052,12.034788107620598,0.0,11.254614158032366,12.098121992957052,11.254614158032366,0.0],[12.426090863130499,12.107182851558424,12.170515636871567,12.107182851558424,0.0,11.32700399152039,12.170515636871567,11.32700399152039,0.0],[12.468838853252599,12.149930512511963,12.21326271657943,12.149930512511963,0.0,11.369748965805652,12.21326271657943,11.369748965805652,0.0],[12.494080707839789,12.175172183626392,12.238504064066955,12.175172183626394,0.0,11.394989116504393,12.238504064066955,11.39498911650439,0.0],[12.50898554161768,12.1900769125155,12.253408608075333,12.1900769125155,0.0,11.409892969345726,12.253408608075334,11.409892969345728,0.0],[12.517786565238831,12.198877875348703,12.262209463808935,12.198877875348703,0.0,11.418693422245674,12.262209463808935,11.418693422245674,0.0],[12.52298340510191,12.204074679707984,12.267406205632355,12.204074679707984,0.0,11.423889928023744,12.267406205632355,11.423889928023744,0.0],[12.52605204225914,12.207143296035238,12.270474785275843,12.207143296035238,0.0,11.426958368917,12.270474785275843,11.426958368917,0.0],[12.527864015491447,12.208955257014335,12.272286724677809,12.208955257014335,0.0,11.428770226608329,12.272286724677809,11.428770226608329,0.0],[12.528933952070481,12.210025186374224,12.273356641325952,12.210025186374224,0.0,11.429840095083962,12.273356641325952,11.429840095083962,0.0],[12.529565729788303,12.210656959834894,12.273988407290712,12.210656959834894,0.0,11.430471832630245,12.273988407290712,11.430471832630245,0.0],[12.529938782826012,12.211030010360789,12.27436145339394,12.211030010360789,0.0,11.430844861962118,12.27436145339394,11.430844861962118,0.0],[12.530159063735416,12.211250289787694,12.274581730210574,12.211250289787694,0.0,11.431065128878796,12.274581730210574,11.431065128878796,0.0],[12.530289135533279,12.211380360710406,12.274711799592398,12.211380360710406,0.0,11.431195192415998,12.274711799592398,11.431195192415998,0.0],[12.530365940521504,12.211457165181953,12.274788603154228,12.211457165181953,0.0,11.43127199252708,12.274788603154228,11.43127199252708,0.0],[12.530411292445013,12.211502516800403,12.27483395423556,12.211502516800403,0.0,11.431317341570944,12.27483395423556,11.431317341570944,0.0],[12.530438071916189,12.211529296091456,12.27486073320947,12.211529296091456,0.0,11.431344119341817,12.27486073320947,11.431344119341817,0.0],[12.530453884698126,12.211545108767039,12.274876545697794,12.211545108767039,0.0,11.431359931119784,12.274876545697794,11.431359931119784,0.0],[12.53046322185311,12.211554445859223,12.274885882679406,12.211554445859223,0.0,11.431369267681951,12.274885882679406,11.431369267681951,0.0],[12.530468735270263,12.211559959239295,12.27489139599419,12.211559959239295,0.0,11.43137478074906,12.27489139599419,11.43137478074906,0.0],[12.53047199084102,12.211563214788157,12.2748946515045,12.211563214788157,0.0,11.431378036113125,12.2748946515045,11.431378036113125,0.0],[12.53047391319528,12.211565137129487,12.274896573823067,12.211565137129487,0.0,11.431379958345335,12.274896573823067,11.431379958345335,0.0],[12.530475048309881,12.211566272236455,12.274897708916592,12.211566272236455,0.0,11.431381093387872,12.274897708916592,11.431381093387872,0.0],[12.530475718574039,12.211566942496104,12.274898379168304,12.211566942496104,0.0,11.431381763609474,12.274898379168304,11.431381763609474,0.0],[12.530476114352616,12.211567338272019,12.274898774939532,12.211567338272019,0.0,11.431382159362924,12.274898774939532,11.431382159362922,0.0],[12.530476348052536,12.211567571970368,12.274899008635115,12.211567571970368,0.0,11.431382393048008,12.274899008635115,11.431382393048008,0.0],[12.530476486048014,12.211567709964918,12.27489914662803,12.211567709964918,0.0,11.431382531034725,12.27489914662803,11.431382531034725,0.0],[12.530476567531787,12.211567791448143,12.274899228110291,12.211567791448143,0.0,11.431382612513325,12.274899228110291,11.431382612513325,0.0],[12.53047661564645,12.21156783956248,12.274899276224058,12.21156783956248,0.0,11.43138266062493,12.274899276224058,11.43138266062493,0.0],[12.530476644057265,12.211567867973105,12.274899304634346,12.211567867973105,0.0,11.431382689033942,12.274899304634346,11.431382689033942,0.0],[12.530476660833326,12.211567884749053,12.274899321410095,12.211567884749053,0.0,11.431382705808938,12.274899321410095,11.431382705808938,0.0],[12.53047667073928,12.21156789465494,12.274899331315865,12.21156789465494,0.0,11.431382715714264,12.274899331315865,11.431382715714264,0.0]],"pi_start":[[0.25,0.25,0.25,0.25],[0.27878269209301276,0.22121730790698724,0.22121730790698724,0.27878269209301276],[0.2847475134933013,0.2152524865066987,0.2152524865066987,0.2847475134933013],[0.2855248435153441,0.2144751564846559,0.2144751564846559,0.2855248435153441],[0.28561850737413985,0.21438149262586018,0.21438149262586018,0.28561850737413985],[0.2856304183861355,0.21436958161386466,0.21436958161386427,0.2856304183861355],[0.28563224273484983,0.21436775726515,0.2143677572651504,0.28563224273484983],[0.28563265527776915,0.2143673447222308,0.2143673447222308,0.28563265527776915],[0.28563280160293486,0.21436719839706514,0.21436719839706514,0.28563280160293486],[0.2856328701728596,0.2143671298271404,0.2143671298271404,0.2856328701728596],[0.2856329064520196,0.2143670935479804,0.2143670935479804,0.2856329064520196],[0.28563292667338364,0.21436707332661611,0.2143670733266165,0.28563292667338364],[0.28563293823365143,0.21436706176634857,0.21436706176634857,0.28563293823365143],[0.2856329449333666,0.21436705506663337,0.21436705506663337,0.2856329449333666],[0.28563294884640084,0.2143670511535991,0.2143670511535991,0.28563294884640084],[0.28563295114216714,0.2143670488578329,0.2143670488578329,0.28563295114216714],[0.28563295249264875,0.21436704750735122,0.21436704750735122,0.28563295249264875],[0.28563295328830324,0.21436704671169673,0.21436704671169673,0.28563295328830324],[0.28563295375750325,0.2143670462424968,0.2143670462424968,0.28563295375750325],[0.2856329540343418,0.21436704596565817,0.21436704596565817,0.2856329540343418],[0.28563295419773466,0.21436704580226534,0.21436704580226534,0.28563295419773466],[0.28563295429418906,0.2143670457058109,0.2143670457058109,0.28563295429418906],[0.2856329543511346,0.21436704564886538,0.21436704564886538,0.2856329543511346],[0.2856329543847564,0.21436704561524358,0.21436704561524358,0.2856329543847564],[0.28563295440460856,0.21436704559539146,0.21436704559539146,0.28563295440460856],[0.2856329544163301,0.21436704558366987,0.21436704558366987,0.2856329544163301],[0.28563295442325165,0.2143670455767484,0.2143670455767484,0.28563295442325165],[0.2856329544273386,0.21436704557266134,0.21436704557266134,0.2856329544273386],[0.28563295442975173,0.21436704557024824,0.21436704557024824,0.28563295442975173],[0.2856329544311768,0.2143670455688232,0.2143670455688232,0.2856329544311768],[0.2856329544320182,0.21436704556798178,0.21436704556798178,0.2856329544320182],[0.2856329544325151,0.21436704556748493,0.21436704556748493,0.2856329544325151],[0.2856329544328085,0.21436704556719147,0.21436704556719147,0.2856329544328085],[0.2856329544329815,0.21436704556701852,0.21436704556701852,0.2856329544329815],[0.2856329544330842,0.21436704556691585,0.21436704556691585,0.2856329544330842],[0.2856329544331442,0.21436704556685582,0.21436704556685582,0.2856329544331442],[0.2856329544331801,0.21436704556681993,0.21436704556681993,0.2856329544331801],[0.2856329544332012,0.21436704556679884,0.21436704556679884,0.2856329544332012],[0.28563295443321357,0.21436704556678643,0.21436704556678643,0.28563295443321357],[0.28563295443322095,0.21436704556677902,0.21436704556677902,0.28563295443322095]]}}