{"gamma":0.9,"expectation":[{"k":0,"V":[0.0,0.0,0.0,0.0,0.0,0.0,0.0,0.0,0.0]},{"k":1,"V":[0.0,-0.25,0.0,-0.25,0.0,0.0,0.0,0.0,0.0]},{"k":2,"V":[-0.1125,-0.30625,-0.05625,-0.30625,0.0,0.0,-0.05625,0.0,0.0]},{"k":3,"V":[-0.188438,-0.356875,-0.094219,-0.356875,0.0,-0.012656,-0.094219,-0.012656,0.0]},{"k":4,"V":[-0.245391,-0.393895,-0.125543,-0.393895,0.0,-0.024047,-0.125543,-0.024047,0.0]},{"k":5,"V":[-0.287678,-0.422086,-0.150531,-0.422086,0.0,-0.033658,-0.150531,-0.033658,0.0]},{"k":6,"V":[-0.319394,-0.443567,-0.170281,-0.443567,0.0,-0.041442,-0.170281,-0.041442,0.0]},{"k":7,"V":[-0.343332,-0.459979,-0.185754,-0.459979,0.0,-0.047638,-0.185754,-0.047638,0.0]},{"k":8,"V":[-0.36149,-0.47254,-0.197803,-0.47254,0.0,-0.052513,-0.197803,-0.052513,0.0]},{"k":9,"V":[-0.375314,-0.482162,-0.207148,-0.482162,0.0,-0.056321,-0.207148,-0.056321,0.0]},{"k":10,"V":[-0.385864,-0.48954,-0.214376,-0.48954,0.0,-0.059281,-0.214376,-0.059281,0.0]},{"k":11,"V":[-0.393932,-0.495201,-0.219954,-0.495201,0.0,-0.061573,-0.219954,-0.061573,0.0]},{"k":12,"V":[-0.40011,-0.499544,-0.224253,-0.499544,0.0,-0.063343,-0.224253,-0.063343,0.0]},{"k":13,"V":[-0.404844,-0.502879,-0.227564,-0.502879,0.0,-0.064709,-0.227564,-0.064709,0.0]},{"k":14,"V":[-0.408476,-0.50544,-0.230111,-0.50544,0.0,-0.065761,-0.230111,-0.065761,0.0]},{"k":15,"V":[-0.411262,-0.507406,-0.23207,-0.507406,0.0,-0.066571,-0.23207,-0.066571,0.0]},{"k":16,"V":[-0.4134,-0.508916,-0.233576,-0.508916,0.0,-0.067194,-0.233576,-0.067194,0.0]},{"k":17,"V":[-0.415042,-0.510076,-0.234734,-0.510076,0.0,-0.067673,-0.234734,-0.067673,0.0]},{"k":18,"V":[-0.416303,-0.510967,-0.235624,-0.510967,0.0,-0.068042,-0.235624,-0.068042,0.0]},{"k":19,"V":[-0.417272,-0.511651,-0.236308,-0.511651,0.0,-0.068325,-0.236308,-0.068325,0.0]},{"k":20,"V":[-0.418015,-0.512177,-0.236833,-0.512177,0.0,-0.068542,-0.236833,-0.068542,0.0]},{"k":21,"V":[-0.418586,-0.512581,-0.237237,-0.512581,0.0,-0.068709,-0.237237,-0.068709,0.0]},{"k":22,"V":[-0.419025,-0.512891,-0.237547,-0.512891,0.0,-0.068838,-0.237547,-0.068838,0.0]},{"k":23,"V":[-0.419362,-0.513129,-0.237785,-0.513129,0.0,-0.068937,-0.237785,-0.068937,0.0]},{"k":24,"V":[-0.419621,-0.513312,-0.237968,-0.513312,0.0,-0.069012,-0.237968,-0.069012,0.0]},{"k":25,"V":[-0.41982,-0.513453,-0.238109,-0.513453,0.0,-0.069071,-0.238109,-0.069071,0.0]},{"k":26,"V":[-0.419973,-0.513561,-0.238217,-0.513561,0.0,-0.069115,-0.238217,-0.069115,0.0]},{"k":27,"V":[-0.42009,-0.513644,-0.2383,-0.513644,0.0,-0.06915,-0.2383,-0.06915,0.0]},{"k":28,"V":[-0.42018,-0.513708,-0.238363,-0.513708,0.0,-0.069176,-0.238363,-0.069176,0.0]},{"k":29,"V":[-0.42025,-0.513757,-0.238412,-0.513757,0.0,-0.069196,-0.238412,-0.069196,0.0]},{"k":30,"V":[-0.420303,-0.513794,-0.23845,-0.513794,0.0,-0.069212,-0.23845,-0.069212,0.0]},{"k":31,"V":[-0.420344,-0.513823,-0.238479,-0.513823,0.0,-0.069224,-0.238479,-0.069224,0.0]},{"k":32,"V":[-0.420375,-0.513845,-0.238501,-0.513845,0.0,-0.069233,-0.238501,-0.069233,0.0]},{"k":33,"V":[-0.420399,-0.513862,-0.238518,-0.513862,0.0,-0.06924,-0.238518,-0.06924,0.0]},{"k":34,"V":[-0.420418,-0.513875,-0.238531,-0.513875,0.0,-0.069246,-0.238531,-0.069246,0.0]},{"k":35,"V":[-0.420432,-0.513885,-0.238541,-0.513885,0.0,-0.06925,-0.238541,-0.06925,0.0]},{"k":36,"V":[-0.420443,-0.513893,-0.238549,-0.513893,0.0,-0.069253,-0.238549,-0.069253,0.0]},{"k":37,"V":[-0.420451,-0.513899,-0.238555,-0.513899,0.0,-0.069255,-0.238555,-0.069255,0.0]},{"k":38,"V":[-0.420458,-0.513904,-0.238559,-0.513904,0.0,-0.069257,-0.238559,-0.069257,0.0]},{"k":39,"V":[-0.420463,-0.513907,-0.238563,-0.513907,0.0,-0.069259,-0.238563,-0.069259,0.0]},{"k":40,"V":[-0.420466,-0.51391,-0.238566,-0.51391,0.0,-0.06926,-0.238566,-0.06926,0.0]}],"optimality":[{"k":0,"V":[0.0,0.0,0.0,0.0,0.0,0.0,0.0,0.0,0.0]},{"k":1,"V":[0.0,0.0,0.0,0.0,0.0,1.0,0.0,1.0,0.0]},{"k":2,"V":[0.0,0.0,0.9,0.0,0.0,1.0,0.9,1.0,0.0]},{"k":3,"V":[0.0,0.81,0.9,0.81,0.0,1.0,0.9,1.0,0.0]},{"k":4,"V":[0.729,0.81,0.9,0.81,0.0,1.0,0.9,1.0,0.0]},{"k":5,"V":[0.729,0.81,0.9,0.81,0.0,1.0,0.9,1.0,0.0]},{"k":6,"V":[0.729,0.81,0.9,0.81,0.0,1.0,0.9,1.0,0.0]},{"k":7,"V":[0.729,0.81,0.9,0.81,0.0,1.0,0.9,1.0,0.0]},{"k":8,"V":[0.729,0.81,0.9,0.81,0.0,1.0,0.9,1.0,0.0]},{"k":9,"V":[0.729,0.81,0.9,0.81,0.0,1.0,0.9,1.0,0.0]},{"k":10,"V":[0.729,0.81,0.9,0.81,0.0,1.0,0.9,1.0,0.0]},{"k":11,"V":[0.729,0.81,0.9,0.81,0.0,1.0,0.9,1.0,0.0]},{"k":12,"V":[0.729,0.81,0.9,0.81,0.0,1.0,0.9,1.0,0.0]},{"k":13,"V":[0.729,0.81,0.9,0.81,0.0,1.0,0.9,1.0,0.0]},{"k":14,"V":[0.729,0.81,0.9,0.81,0.0,1.0,0.9,1.0,0.0]},{"k":15,"V":[0.729,0.81,0.9,0.81,0.0,1.0,0.9,1.0,0.0]},{"k":16,"V":[0.729,0.81,0.9,0.81,0.0,1.0,0.9,1.0,0.0]},{"k":17,"V":[0.729,0.81,0.9,0.81,0.0,1.0,0.9,1.0,0.0]},{"k":18,"V":[0.729,0.81,0.9,0.81,0.0,1.0,0.9,1.0,0.0]},{"k":19,"V":[0.729,0.81,0.9,0.81,0.0,1.0,0.9,1.0,0.0]},{"k":20,"V":[0.729,0.81,0.9,0.81,0.0,1.0,0.9,1.0,0.0]},{"k":21,"V":[0.729,0.81,0.9,0.81,0.0,1.0,0.9,1.0,0.0]},{"k":22,"V":[0.729,0.81,0.9,0.81,0.0,1.0,0.9,1.0,0.0]},{"k":23,"V":[0.729,0.81,0.9,0.81,0.0,1.0,0.9,1.0,0.0]},{"k":24,"V":[0.729,0.81,0.9,0.81,0.0,1.0,0.9,1.0,0.0]},{"k":25,"V":[0.729,0.81,0.9,0.81,0.0,1.0,0.9,1.0,0.0]},{"k":26,"V":[0.729,0.81,0.9,0.81,0.0,1.0,0.9,1.0,0.0]},{"k":27,"V":[0.729,0.81,0.9,0.81,0.0,1.0,0.9,1.0,0.0]},{"k":28,"V":[0.729,0.81,0.9,0.81,0.0,1.0,0.9,1.0,0.0]},{"k":29,"V":[0.729,0.81,0.9,0.81,0.0,1.0,0.9,1.0,0.0]},{"k":30,"V":[0.729,0.81,0.9,0.81,0.0,1.0,0.9,1.0,0.0]},{"k":31,"V":[0.729,0.81,0.9,0.81,0.0,1.0,0.9,1.0,0.0]},{"k":32,"V":[0.729,0.81,0.9,0.81,0.0,1.0,0.9,1.0,0.0]},{"k":33,"V":[0.729,0.81,0.9,0.81,0.0,1.0,0.9,1.0,0.0]},{"k":34,"V":[0.729,0.81,0.9,0.81,0.0,1.0,0.9,1.0,0.0]},{"k":35,"V":[0.729,0.81,0.9,0.81,0.0,1.0,0.9,1.0,0.0]},{"k":36,"V":[0.729,0.81,0.9,0.81,0.0,1.0,0.9,1.0,0.0]},{"k":37,"V":[0.729,0.81,0.9,0.81,0.0,1.0,0.9,1.0,0.0]},{"k":38,"V":[0.729,0.81,0.9,0.81,0.0,1.0,0.9,1.0,0.0]},{"k":39,"V":[0.729,0.81,0.9,0.81,0.0,1.0,0.9,1.0,0.0]},{"k":40,"V":[0.729,0.81,0.9,0.81,0.0,1.0,0.9,1.0,0.0]}]}